8.138446
7.303102
8.018001
9.046366
7.208171
6.168679
5.695386
5.930353
8.288365
7.227353
6.222244
5.466799
7.469392
5.713930
8.538824
8.930756
5.742211
9.215940
8.116823
6.083134
9.608203
5.241387
8.226484
8.832107
8.466846
7.062484
6.117209
6.714100
5.289536
8.139478
6.567173
8.427981
5.442579
9.585173
7.474347
7.650750
5.753852
8.169735
8.581102
9.042217
5.397087
9.803347
9.509016
7.866479
5.517277
8.047840
6.797235
6.259489
7.263781
9.914059
7.342622
6.871984
5.155446
5.569106
5.704090
8.622293
7.631590
6.821300
5.336393
7.921126
9.960776
6.903565
6.349107
5.403356
6.488738
8.823454
8.054105
7.242590
6.993189
6.635208
6.284808
7.390276
6.438555
5.793824
5.256755
6.955832
8.841665
7.053990
8.215322
6.105446
6.968049
5.557943
7.977429
7.123495
6.127050
8.681520
5.745788
8.758640
5.502819
6.082181
6.679766
5.463596
7.985747
8.028873
5.866952
9.474485
6.852327
8.921057
6.717076
8.845516
5.556266
8.001884
6.235792
6.994820
8.795708
6.492547
8.950652
7.637372
8.546537
7.165973
8.742818
5.514586
7.723917
6.720247
7.638082
8.850966
5.401767
8.383869
7.609607
5.904586
9.466051
9.289373
6.368182
7.451797
7.318245
7.235134
6.926283
9.170572
6.156191
8.643358
8.016089
6.712456
6.645242
9.251881
8.707276
5.440949
5.744428
7.657929
8.078321
9.290965
9.823903
6.821140
9.805552
7.547820
8.541388
7.443633
6.398787
8.943153
5.827502
9.008393
9.847739
5.293553
8.297766
6.215921
7.745351
5.616012
8.451055
9.671633
9.786585
9.607246
8.314991
7.802673
6.319702
9.960233
7.054554
5.026979
5.401183
7.798982
7.684908
8.479505
7.089948
7.508811
5.300644
6.895499
5.056631
8.842031
9.339131
6.455417
7.785184
5.166633
5.463810
7.632924
5.460186
8.761577
8.848845
8.205537
9.377588
7.299900
7.877170
9.164172
6.907146
6.192161
6.966846
8.226848
6.152394
9.021399
8.253827
6.553576
6.820381
5.938735
5.033081
8.910328
8.447547
5.333725
5.805827
8.504178
9.175756
5.144958
9.959595
6.960940
5.311592
5.423406
9.593864
5.771778
9.184982
8.442709
8.977314
8.562571
5.742608
6.854484
7.726742
7.649754
8.046645
9.693587
5.876601
9.199039
8.714987
9.130428
5.752615
5.535368
5.069164
5.785697
9.445697
8.516711
6.119421
5.251524
7.020888
5.295177
5.396482
6.980484
7.256117
5.708075
7.403890
6.849981
6.479852
6.588872
5.292690
5.457167
5.151443
6.035299
7.311650
7.878184
8.685053
5.358295
7.571773
9.561654
9.557335
6.286759
8.692082
5.309950
6.822127
8.761246
6.095647
6.267824
7.277957
7.215068
6.519348
9.298845
7.510245
6.915831
6.279329
9.766363
7.623905
8.683219
6.616344
9.103757
5.272092
6.909035
9.560924
5.423534
7.944334
6.872575
8.301718
6.629386
7.230870
5.873490
6.191041
6.788205
7.160250
9.883123
7.098155
8.982377
8.644370
8.193802
5.250201
5.922327
5.408869
6.769548
5.221172
7.919115
8.685379
6.500501
7.685476
6.309284
5.183721
9.301821
5.413041
5.455812
6.210856
9.973966
5.879345
9.155190
6.846540
9.181065
5.784576
9.077410
5.054555
6.975617
5.865615
7.214804
6.858741
7.963770
6.197181
5.503110
6.157572
6.447382
6.425437
6.566441
8.216931
6.646608
9.485556
6.902311
8.147110
7.171032
8.211595
8.330831
6.472854
8.624636
8.786642
7.683710
8.598601
9.665987
6.838900
5.445141
8.847052
7.623477
9.522552
8.901606
9.599093
5.388165
6.116410
6.457834
8.351936
7.313592
6.960945
9.509508
8.760975
8.386381
6.075949
6.977905
5.032990
5.561505
8.880216
8.180099
7.732537
7.091811
6.510930
9.205391
5.716447
5.297571
6.889101
9.315048
9.963559
8.728001
9.760189
8.810611
6.351477
9.282741
7.712216
5.950571
9.670906
8.828627
7.408405
8.022842
6.142219
9.369349
7.532350
9.903193
7.755732
8.608299
6.881098
7.788721
9.169804
5.761314
5.968821
6.902341
7.853124
7.479750
6.107733
8.569571
7.777321
7.996833
7.884619
7.740880
6.724834
7.644808
6.551491
8.076311
6.927548
9.263707
9.026881
6.598454
8.092335
6.435287
9.621297
9.234553
5.804636
7.153647
9.137746
8.560368
5.761947
6.018844
6.349088
9.931750
6.780158
7.317909
6.834092
9.633283
9.797659
7.941824
8.202854
7.574980
5.938658
6.087474
5.315861
7.663491
8.732282
6.867352
5.739802
5.659831
6.131060
9.766684
7.258286
9.223393
6.201970
6.879582
8.457947
7.006607
9.033230
7.595693
5.566974
9.795176
8.614537
6.916062
9.726926
5.394695
9.233971
6.561017
5.027978
9.031630
9.502841
8.230831
6.606610
5.441498
9.318305
6.922471
8.104990
8.050587
8.789824
8.844791
8.710418
9.920882
8.611475
5.968703
9.144277
9.813445
7.848286
7.602223
6.820052
6.881515
5.197916
7.387026
6.676690
8.812454
9.303088
6.403615
9.207149
8.537059
7.964633
9.235126
7.568688
7.467474
7.465959
9.175299
7.908972
6.784265
6.097770
6.013961
9.834851
9.887592
9.858753
8.545269
9.808475
8.470228
9.513972
8.952751
8.283673
7.362258
6.554975
5.103725
9.243773
6.752891
7.490750
5.920462
5.565344
6.793839
7.324078
9.772492
5.330897
5.288710
9.007620
7.899587
7.756184
6.473578
7.074885
5.665155
8.257843
8.172655
6.679116
8.092694
8.060246
6.537870
6.637964
7.868721
5.008098
6.151936
6.821473
8.291771
8.514194
8.376447
8.395496
7.757967
5.129337
5.886247
8.678428
5.694681
7.680086
6.002505
5.467174
8.010983
6.291215
9.474793
5.910571
9.047400
5.948372
7.985456
9.712555
9.206215
6.158111
6.391672
7.298909
9.218358
7.929542
8.936872
7.087079
7.937639
5.088809
8.908552
6.229410
8.603003
7.284999
9.624907
6.360970
7.414337
5.511154
5.039397
8.109017
8.191240
6.041903
8.576192
6.202224
7.333119
8.050984
7.112794
6.380518
8.999356
5.098250
6.093073
8.205571
6.256360
7.484745
5.504480
5.474718
5.414286
9.441353
7.561797
8.351925
9.530162
6.470349
9.581336
8.133165
8.755348
9.206243
9.494134
6.169685
9.717397
9.533531
9.278703
7.908636
5.575435
7.854895
9.110861
7.908554
5.905879
6.223655
9.289072
9.905235
6.321905
5.382144
8.110807
7.578264
7.866889
8.615288
8.052982
8.281175
8.056641
5.614779
6.633100
7.586802
7.085128
6.214436
5.719967
5.840477
5.420678
5.214102
7.010162
5.138074
9.747634
6.288865
8.046711
5.323069
9.143759
7.157571
8.231622
5.049638
8.381226
7.520694
9.954873
9.703131
7.902838
8.065681
7.281396
5.769727
6.680968
5.334378
9.050901
9.737608
5.949158
5.684001
7.324410
8.034286
6.898437
8.044378
8.874763
7.319114
8.258480
5.884924
7.457189
8.006114
7.173789
5.503900
8.329183
6.317548
7.661471
6.560805
6.367185
6.042697
9.081498
6.322059
5.745828
6.984336
9.387739
8.027224
7.754063
6.068707
8.361602
6.804964
5.806315
9.310760
7.488965
8.130726
7.345045
9.387402
6.175104
6.219807
6.706516
9.433584
7.104732
9.163705
7.439699
9.278521
9.667604
5.768881
5.596068
7.329075
7.329686
6.963253
8.371773
6.411185
8.285312
9.117600
8.395520
7.673051
7.144824
6.149583
8.741758
5.506425
7.954547
9.548074
9.817184
5.443513
7.678799
7.162229
9.830914
8.853904
8.382036
6.537430
8.287488
5.486768
5.701136
5.727186
9.765289
5.368740
6.496068
5.361357
7.697816
8.825754
7.324610
6.069588
5.236938
5.609922
5.187188
8.632460
8.282972
7.332012
9.782043
7.024731
7.838438
7.736591
6.572804
7.655621
8.180103
9.251603
9.817850
8.011018
8.105507
8.199886
9.548449
6.392994
8.686655
5.249584
7.120181
8.451943
5.618324
8.616249
8.813300
8.316140
7.442003
6.137910
9.385728
7.678942
6.747832
9.572916
6.311401
5.030805
6.904929
6.093444
7.055535
9.743365
8.830034
8.628340
7.398987
7.010139
7.879943
7.216837
5.021157
5.985450
5.416723
9.569606
7.378445
9.103378
9.819190
9.498626
7.555321
5.437514
8.114874
6.368621
8.753654
5.556878
7.506531
8.139381
8.235819
9.254362
7.712298
9.547220
9.285168
9.617227
5.640665
6.340703
9.360592
9.470700
9.969043
6.759579
6.480839
7.848986
8.976417
6.501996
8.834436
9.393140
6.071601
6.212880
8.496517
5.890791
5.711505
6.051838
6.328305
8.826380
7.420459
5.081959
9.383258
9.926991
8.221341
7.619077
9.181353
5.933639
7.166297
8.466520
5.550866
7.806963
9.807223
9.911458
7.277663
9.776266
6.671037
8.758502
7.625251
5.647454
5.260498
6.459687
5.040593
6.332099
7.672567
8.537110
7.222891
8.384073
9.588949
8.551196
7.210453
7.009408
8.633155
6.593710
6.936399
6.854496
9.212788
6.117752
7.788135
6.379085
9.584272
8.339001
9.186048
9.391495
8.250459
6.463711
9.167760
9.921495
5.222213
6.793012
5.568950
5.482711
8.252698
5.609543
6.814810
5.925265
9.146653
9.037701
9.309338
8.735601
7.588897
6.519790
5.745010
6.222052
8.113500
7.681409
8.076548
7.326286
8.799161
5.864683
8.705372
8.383432
9.203684
7.891419
7.774926
7.454143
9.355129
6.942687
7.375638
9.577342
8.735698
7.944588
5.060053
6.988396
8.554131
6.874862
7.913661
7.700784
5.912563
7.222998
6.436386
8.501459
8.742786
7.181397
9.723512
6.856287
9.862806
7.800059
9.182573
8.661967
8.664742
7.887944
7.045399
7.868426
5.779363
9.820326
5.322569
5.134492
6.763012
7.698208
9.711834
5.498710
5.642796
9.771887
7.487106
9.196926
6.646749
5.400767
6.897711
7.559313
7.623764
8.334097
6.060772
6.366551
5.515494
5.784284
8.222837
5.378301
8.584343
7.405410
9.040268
7.249086
5.293355
6.085667
5.117512
6.072717
5.905993
5.440082
6.207209
7.669005
8.138289
5.919044
8.167715
8.781085
5.690931
5.654821
7.978011
7.337680
6.055588
9.875723
9.896993
8.679352
8.209820
5.957766
5.045903
8.725314
6.742049
8.268740
9.103614
5.326392
5.674150
8.143882
7.575478
5.967505
9.229548
7.692990
7.040222
5.135540
8.133071
8.247431
7.804544
6.271360
9.166474
5.972259
5.052445
9.857406
6.627080
8.030457
7.195086
7.682668
7.906179
7.092079
6.362020
6.115999
8.049845
6.407923
9.841312
9.791894
9.676662
8.944927
5.118286
5.350813
7.088808
7.693764
6.318317
6.318356
5.386754
8.358540
6.453896
8.519825
6.605969
9.258440
9.791185
5.772445
5.230699
9.843631
5.629850
6.857779
7.874088
7.824936
9.540447
5.780267
9.917015
5.902467
6.896266
7.966861
7.310390
6.737579
7.758755
6.987052
5.682507
7.877040
7.337865
7.771315
5.570805
8.656182
9.089670
5.957558
7.014722
5.543565
9.477385
8.620691
9.802005
9.268569
9.393136
5.032704
9.112200
5.022986
6.890483
6.986288
7.847923
6.430931
7.766555
7.764938
7.333398
9.662821
5.731798
9.643787
6.400401
8.490553
6.630840
7.082907
6.367593
8.968705
9.854221
6.938397
7.624888
8.943892
7.895956
9.639609
9.487457
7.373340
8.260301
9.289462
6.641909
7.653437
9.322165
5.754108
7.676423
6.212649
7.740396
5.524345
7.643579
5.506951
8.289284
9.976977
5.169773
9.021082
9.620765
6.570173
7.511635
6.251605
8.653080
8.879228
5.220311
8.507302
5.817625
7.845198
7.451194
8.713581
7.484807
6.938651
6.086921
5.745108
6.228113
7.728829
8.398544
5.550279
8.482937
6.074968
6.762927
6.223333
6.599314
9.406507
6.730285
9.888597
9.383484
6.900057
8.909680
9.004249
8.470230
6.421315
5.255854
7.123311
5.300543
5.476164
5.630613
6.118168
8.321362
8.081807
9.831749
5.806170
5.020459
5.918669
6.551278
6.248571
8.647498
9.949823
6.798850
7.130435
6.024792
8.561777
8.353768
7.624105
7.968284
5.084053
7.512703
7.351768
6.984110
6.422383
6.356016
5.454340
7.843699
6.611870
7.577652
8.144241
7.088034
8.208265
9.262409
5.409396
6.290072
9.094158
6.215567
6.310531
5.012827
7.766845
7.559103
8.660325
7.716668
9.357952
5.790760
8.741460
7.919729
9.144527
6.365565
5.888013
9.228581
8.878268
8.239780
6.212691
5.300652
9.595796
6.667032
8.144350
6.207666
9.244682
6.288591
8.295699
7.452948
5.551000
8.705096
8.743020
9.645158
9.920662
5.053552
9.657985
7.687507
7.612654
8.318310
5.404175
6.970606
9.109070
9.145634
9.890336
8.253597
5.511200
5.778348
7.482179
9.389468
9.018127
8.694870
9.690121
8.613924
5.361901
7.834470
9.821590
9.606585
9.123061
8.117290
7.059533
9.674062
6.822385
5.802554
9.319220
6.743047
5.856105
8.977205
9.430553
8.468760
7.295515
9.834729
5.439365
6.404585
8.980364
5.329700
9.658182
9.491563
6.108048
7.140361
8.881031
5.126177
5.835231
8.571152
8.740101
6.197133
6.405621
8.561691
5.803718
5.528683
6.678980
7.863251
5.202744
8.501366
8.665805
9.521964
5.244412
9.521910
8.499169
9.674967
7.990669
5.794684
9.509696
8.430034
7.199268
8.490059
8.759735
6.857450
7.981622
9.867783
8.997812
6.862654
9.993959
9.833043
5.433805
8.734060
6.030176
6.839426
7.295752
6.833894
7.368108
8.974731
9.697145
7.570852
7.476097
8.362949
7.092817
7.720509
7.884859
5.591986
7.395475
5.875528
6.386670
6.905170
9.305562
8.585938
5.395230
8.065296
5.443389
8.376852
7.933079
9.441201
5.239505
7.927039
9.274244
5.673309
6.661099
5.304420
7.512735
8.956851
7.138314
9.880844
7.931582
6.835458
7.451696
5.407679
5.198408
9.544513
8.128188
8.083267
5.136498
5.523664
8.958795
6.523168
7.428834
8.264356
5.109107
7.824064
6.329652
5.552496
6.200917
9.262732
9.993697
6.440421
7.189769
9.267941
7.113731
8.850869
9.572362
9.626467
7.807720
6.710676
9.507311
5.739302
8.546134
6.959006
6.146981
8.744543
6.503519
9.275169
6.827809
6.640018
9.798833
5.786604
8.163186
7.227668
9.050960
8.272293
5.051733
5.380611
8.824789
6.252649
9.643342
8.818486
7.693070
6.833111
8.086428
9.806802
5.683980
7.658790
9.433269
8.491699
9.369465
8.940578
9.231001
7.915600
5.899585
5.377982
6.660142
7.403104
9.653151
8.487951
9.043121
9.451984
9.274555
7.206307
6.679652
8.325514
5.478601
6.731384
8.706125
9.303390
7.984033
8.349467
8.121876
5.677104
5.182579
6.208303
5.483905
5.866559
8.867093
9.917173
9.358257
8.236559
8.857752
8.589259
6.152158
9.757337
8.967241
7.812300
7.160440
8.620392
6.300251
6.203562
8.072376
5.574806
8.409870
9.752028
8.900320
8.888470
6.483412
7.606446
8.191858
9.467445
5.955914
6.313734
5.144549
6.138492
7.522038
5.628455
7.005050
6.389131
5.545628
6.363308
9.625689
9.403380
9.952566
5.777847
9.160717
8.919807
8.590147
6.321157
7.540200
9.890399
7.524720
5.612576
5.465205
5.934589
5.364604
9.365526
9.823059
6.848017
6.971972
8.014918
6.315463
7.927886
9.328652
6.460011
9.066378
6.850690
7.088466
6.071428
8.239820
7.634094
7.434736
7.865509
7.037473
7.387303
8.643356
6.198191
6.307111
7.233504
7.519348
8.847311
7.123903
5.044067
9.459888
7.589108
5.978657
9.824492
6.954635
5.801716
6.672507
8.926607
8.816634
7.987970
6.854492
8.145286
9.447981
5.920870
9.995976
6.536448
6.992298
8.235797
9.170541
9.427034
6.101305
6.208014
6.814339
9.744662
7.406204
8.121450
6.978166
9.925552
6.968760
9.102068
9.969620
6.428648
6.691177
5.948277
6.253139
8.645811
6.749992
7.925647
7.572418
5.566626
5.913617
9.426910
8.711912
5.361599
5.347781
8.707888
6.898046
7.340079
6.943684
6.068587
6.767115
8.044990
7.276601
8.581453
7.789651
9.682806
6.702904
9.767817
9.608357
8.671664
8.869885
9.577977
5.100312
5.561061
5.526254
6.353451
9.206873
7.276245
9.279098
6.779292
7.842872
5.192715
6.206202
6.554784
5.554314
6.553983
5.262671
7.452359
8.894063
7.206356
8.520946
5.661178
5.251346
5.797547
9.242632
8.040997
5.480352
5.945535
7.808814
5.088710
9.617200
6.678699
9.666687
9.717511
7.239760
5.192940
6.070962
6.446633
7.469186
5.350061
8.225925
5.312057
5.542776
9.432127
6.866841
6.097090
5.986110
7.129512
8.549449
9.880173
9.335869
7.070395
5.541351
9.587214
7.867942
9.783983
7.628211
8.348294
5.729518
5.437025
8.437004
5.346718
7.115724
8.103691
5.064229
9.355484
8.296632
6.135192
5.802117
5.765818
6.485253
9.028043
6.077875
7.028029
8.460170
7.944716
8.125118
9.446280
5.074229
6.674567
9.326453
9.410097
8.744962
9.867805
8.997311
6.612904
9.651787
6.625523
9.961198
5.381306
7.062547
8.398203
5.728024
9.178271
6.501894
5.792253
8.533755
9.798526
6.927445
9.335873
5.564343
8.412697
8.363915
6.642218
5.440726
6.824086
9.586934
8.565845
6.270366
9.661162
5.240412
5.596819
9.071259
8.985373
5.464623
8.068571
5.598277
5.116411
9.694093
5.559475
5.497717
6.756640
8.957677
6.225741
5.934911
5.459571
7.017993
9.468666
5.258097
8.945438
8.804539
5.822439
7.358136
7.168455
7.464657
7.798862
8.992539
7.051592
6.364707
5.262905
6.712754
6.605119
5.859724
5.784014
5.590492
6.324348
8.852585
6.188769
6.440760
8.546678
6.748243
6.938477
5.303318
5.705920
8.164217
6.238229
6.165491
5.182211
5.706895
6.423588
9.127649
9.511434
7.246027
6.485785
6.679888
9.710685
9.284647
5.672428
6.762276
5.649354
5.935333
8.475031
7.254472
6.795058
9.259044
7.844964
8.119407
8.111629
9.033733
9.560166
6.658306
5.781977
6.498643
6.961624
6.487898
9.662861
8.199853
7.653389
9.845072
8.906748
9.076976
8.972721
8.418181
6.323003
5.458506
5.098069
6.033688
9.743153
5.770497
7.795963
5.392508
6.705832
6.270994
7.646980
8.500890
5.530038
5.491944
6.620296
8.641667
9.525677
6.180462
5.299973
5.307654
7.679105
7.261598
6.795551
7.341967
5.461451
9.448939
7.187038
9.368198
8.525916
6.159759
7.786380
9.848919
6.618265
7.884449
5.882606
6.361418
8.654947
8.678570
6.753925
5.360778
9.949564
9.400906
8.861668
5.479602
9.892849
5.481964
9.121269
9.418527
6.662426
9.421243
9.726180
9.341532
6.682840
6.521731
6.683497
7.144291
5.970671
8.870536
6.512489
9.496586
5.030295
9.298869
9.345505
6.648561
7.183319
5.228111
8.009978
5.838266
8.906680
9.763904
6.199044
8.856244
9.164809
5.060711
9.335846
9.057657
5.542675
8.457115
8.476185
7.205101
7.878357
8.202364
6.546632
9.561197
9.724096
8.230130
6.705489
5.694767
7.100666
8.217978
5.191354
7.130961
7.516847
9.536859
8.779522
9.700166
9.764969
6.789500
5.538431
8.671650
6.553404
6.737475
7.527894
5.718213
6.798187
6.863739
9.775871
7.340863
5.320854
8.252056
9.545964
8.199211
6.454420
6.092596
7.760408
6.178516
9.322725
9.465896
6.873283
6.423392
7.683874
7.064636
8.554353
5.200721
6.601495
7.333874
9.900887
6.366464
9.123374
5.439319
5.038114
5.676779
7.176795
7.566008
6.394992
8.974982
9.429747
6.170864
6.315844
9.750601
9.422919
5.861808
7.949811
5.877340
6.954404
5.710219
7.055855
6.277130
5.176116
8.929138
7.700521
7.859989
5.993774
6.254874
8.060711
7.595268
8.588749
7.961597
8.961733
7.712123
8.400917
8.999847
8.388902
5.577711
6.565855
9.783894
9.552693
5.995602
5.954757
5.868537
5.746202
5.377676
6.730346
8.696012
6.255016
8.684749
9.406232
8.310871
9.961880
9.582347
7.240010
7.662400
7.442337
8.233784
8.917274
5.503048
5.829053
7.506023
8.464645
9.790785
5.218146
6.865562
8.790632
8.607048
7.443273
5.356487
8.390942
6.995966
6.352088
9.345698
7.864503
7.098289
9.723375
9.594849
5.794302
5.978391
8.279598
5.200534
9.289263
8.241477
9.782882
6.529272
5.903877
7.225218
9.763056
9.821152
7.728266
5.592109
7.327174
6.192911
5.382895
7.545320
8.058473
9.173527
6.152368
5.501746
9.530014
9.543309
7.497712
5.882101
8.889008
5.362216
7.980391
8.612383
9.957065
8.774693
9.590773
8.236662
8.975228
8.880035
6.478138
8.758109
5.409307
7.382016
5.983328
5.172363
7.203167
8.711594
5.764472
9.530341
9.904504
6.147367
7.075662
7.962977
5.320893
8.228029
8.464724
9.850906
7.771338
5.962436
5.733008
6.660345
6.324651
8.713399
5.272727
6.281715
7.488092
9.863501
9.518377
6.463320
8.743535
5.996516
5.221429
9.152843
8.378532
6.204757
9.325207
5.581699
9.916349
5.089679
5.112040
9.820854
6.237045
7.187701
7.783832
6.557939
5.415730
6.248555
6.408845
8.187067
7.210990
7.141853
9.847413
8.535642
5.855252
5.120140
9.817357
8.343345
9.983641
9.335735
9.806665
8.727177
5.332251
5.028095
7.880019
8.710783
6.232852
7.205225
9.292481
6.149201
7.294904
9.404522
5.970056
8.531950
6.592222
8.753887
5.089888
7.007952
5.002442
6.498733
5.195020
7.213432
8.640587
5.042433
5.749074
9.495839
5.162572
5.566431
7.839184
5.146213
9.902165
7.645849
8.873388
5.234416
7.673944
6.753407
8.945199
8.906795
8.958633
8.237680
5.055997
6.253537
7.642202
6.026052
9.785486
9.234425
9.779940
9.875375
6.242377
9.782382
6.374107
6.437397
6.995814
5.014694
6.479830
7.744888
9.510534
6.642403
8.311319
7.349718
6.788615
8.213484
9.995566
5.662003
8.447901
7.669510
7.415411
7.393100
6.576305
6.374044
5.630781
6.632302
7.627582
8.272984
7.658354
7.413068
7.507408
7.438293
7.288442
8.749785
7.220676
8.662550
5.187182
9.216490
8.677245
6.667012
6.961378
8.187778
8.309414
5.272697
5.537496
5.098029
8.486181
5.533062
5.760033
6.934083
8.202572
8.175444
9.327183
9.778876
9.549487
9.957964
6.411178
7.177068
8.230947
9.069532
9.590136
5.738356
6.507826
6.878578
9.488140
8.728502
5.541128
9.675323
7.944992
9.218372
6.342335
9.906370
7.406151
9.651751
5.179068
7.943645
9.749779
8.665249
8.476707
5.509811
5.599332
6.679279
8.685255
9.926516
6.458156
8.234742
9.884480
7.869334
5.411811
8.115426
6.938867
5.001946
8.853781
8.446692
6.880524
8.341923
7.175195
7.421652
8.017245
5.120187
6.640025
9.359581
5.026557
9.046175
9.011332
5.205626
6.989822
8.761110
8.870874
5.466530
9.270922
9.470206
7.145809
7.956177
9.396723
8.603965
6.190920
9.281201
6.473299
6.602730
7.396627
8.412166
6.604676
6.250409
6.858859
8.485201
9.592331
9.034054
5.906853
7.609577
9.154242
7.546878
6.969158
9.180799
6.593053
5.980489
9.386424
8.582875
9.741600
8.257298
9.049405
9.012522
7.727506
6.195214
6.968699
7.124228
9.799179
8.159618
6.405429
6.272478
9.762348
8.802055
9.684643
6.367025
5.052464
6.543502
9.852226
9.644795
5.577556
5.759079
7.254372
9.731797
8.305957
9.223530
8.912596
9.899011
5.204020
8.299019
8.481885
9.945620
6.556318
7.531290
8.958141
9.283824
8.726503
5.926840
6.408051
8.525681
9.086458
7.813480
9.798159
8.848806
6.615535
9.482802
5.215832
6.668000
6.026304
5.068058
6.312795
6.603860
5.827137
8.567167
6.335657
9.133094
7.790699
5.248252
9.032104
7.994719
8.547272
7.513989
7.940338
5.103589
5.045280
6.898479
9.387413
8.771783
7.825318
5.795465
7.297464
6.911777
8.608944
7.095623
5.760584
5.224480
6.578426
5.976417
6.892479
7.604730
6.044475
8.205275
9.208590
6.871612
6.772442
5.544246
6.004706
9.563141
5.792498
5.036810
7.557859
9.339769
7.550800
5.498197
9.443358
7.596079
7.396676
8.830771
6.367862
5.221995
9.626236
8.665325
7.133772
8.235179
5.760949
7.894357
8.459659
7.339375
8.870773
5.352139
9.944104
9.915248
8.557413
9.152694
6.786860
5.329855
9.696939
7.791566
9.892996
5.489437
7.828376
7.450855
9.829206
5.379176
7.949052
9.272565
7.975254
5.345728
8.103336
9.343117
5.567723
7.729571
8.008442
7.701496
5.964751
8.769390
5.595853
9.424410
6.108765
9.466626
9.776548
6.052869
9.381874
8.333961
5.205563
6.168733
8.663815
9.902502
8.960299
8.556812
5.391939
6.788674
6.007667
5.221146
7.167850
8.956719
9.493710
5.143105
9.302448
7.597046
9.486220
9.870172
5.326618
7.494662
7.571668
6.291369
6.264052
8.167520
5.715779
7.372818
7.634146
5.492327
8.425686
7.016020
8.826288
8.631249
8.184753
7.490103
8.533752
7.145052
6.046915
8.925692
8.933726
7.054582
9.146837
6.101577
6.011302
8.640547
6.244681
5.313749
6.237593
5.730902
5.183921
6.564211
8.225564
7.755589
7.855580
9.489616
5.923108
8.571359
6.862433
8.557254
9.063686
5.288120
5.573273
7.889974
8.919371
8.758026
5.380077
7.453122
5.903078
6.426992
6.378813
9.836805
8.481575
5.525650
5.938382
9.492876
9.166197
7.183063
9.806625
5.403790
7.913964
9.990547
6.968001
6.139528
7.746135
9.823581
5.629144
8.669243
8.394939
7.491578
7.226497
7.458626
7.779698
7.799769
5.348599
6.699069
6.557796
5.728676
9.152191
7.460875
7.155669
5.531003
7.297680
5.637243
6.056653
8.236061
5.130120
5.222851
5.419125
9.936747
5.626641
8.333088
9.927293
7.594643
9.472617
7.673428
7.418224
5.101761
6.342671
5.813164
7.593340
8.569167
8.271790
5.373038
6.368937
8.620388
7.072106
7.926733
9.349065
6.224297
5.387609
6.504734
6.755300
7.685288
7.141977
7.811954
5.921350
7.272098
8.034805
6.340474
7.208843
8.661446
9.673562
7.136136
6.256089
9.146179
9.809565
8.674313
9.247940
6.152235
9.487476
6.841280
9.721402
7.759266
7.214317
6.090340
6.379656
9.286424
9.017074
5.728721
5.510721
9.404682
7.233454
7.266021
7.089970
9.375431
5.077975
8.011320
6.647529
8.112780
9.351793
8.856372
6.774226
9.025355
5.992508
8.030314
8.171535
5.802073
6.704627
7.419476
6.954308
6.192104
9.260755
6.675711
8.951370
6.475072
7.766050
5.331026
5.761497
6.783123
6.059747
6.272217
6.187806
8.293200
8.538239
8.277777
7.668633
8.616214
6.289096
9.316160
6.728993
5.640889
8.172533
8.503220
9.666245
9.165042
6.533535
7.837780
9.967115
8.238162
5.257255
6.921424
9.430266
9.518009
8.597134
8.381638
5.993082
6.363184
8.712663
6.754579
8.146307
9.772409
8.026795
9.334114
8.065610
6.565034
7.611889
5.734242
5.181248
8.900985
5.050404
6.910242
9.541875
8.222937
5.413461
9.208119
7.387979
6.946996
7.045899
7.355094
5.185158
7.303154
9.276518
9.615423
6.821163
7.873652
7.997061
7.814245
9.236835
6.709724
9.568824
7.383143
6.482134
7.595619
6.717257
9.547744
9.160653
9.329145
5.281986
9.341901
8.230131
5.332390
6.252143
7.772005
8.555326
6.665604
6.980124
5.943306
8.612600
9.026024
8.298401
8.797758
6.329178
7.574918
8.413182
8.150341
5.448570
6.410243
5.964586
9.685406
8.119967
5.533410
7.068549
9.602100
8.129028
8.785806
9.149845
7.289681
8.114950
9.431830
6.631582
6.345081
9.764221
7.883725
9.117086
8.319548
9.549330
6.097211
9.262854
8.161929
5.123235
7.561254
6.959687
6.452413
5.136172
5.372869
9.602755
5.584743
6.783113
5.567340
5.270148
9.903079
6.100750
7.338697
9.505180
9.229778
6.124502
8.655025
6.519459
9.239453
8.086855
8.151041
5.584535
7.851076
6.034765
9.701622
6.170623
5.584095
5.798833
5.433477
8.746023
5.922068
7.994731
5.705710
7.374480
8.130903
6.078580
6.977234
8.715647
7.861693
7.544575
8.985794
7.764772
8.645325
6.324492
7.269952
7.875103
7.448994
5.924977
9.394561
6.688447
9.011832
7.545602
7.272982
6.862908
8.580368
6.974604
8.033532
9.164462
7.773437
8.467009
7.910486
8.695505
6.461740
8.616198
6.069984
9.592643
9.694777
8.047219
8.308289
7.556469
5.591794
7.294083
5.321241
9.237119
8.618574
7.591194
7.112221
6.067568
8.516171
6.506783
7.756015
7.528004
9.052385
5.028997
9.390912
7.632752
7.003601
7.424443
6.797215
9.777037
5.891452
9.707701
8.472542
7.353191
8.323897
9.542526
6.945835
8.018674
7.589746
5.254123
5.575144
8.181540
7.548206
5.896385
7.418657
6.166780
8.487578
9.530879
7.234349
7.003750
6.037662
9.990363
9.531754
5.090046
5.019360
8.922665
7.722798
7.022962
6.347108
9.520014
6.799998
7.238560
9.227715
5.272539
9.591752
7.551612
9.815065
6.537586
5.570287
7.404811
6.791710
6.145430
5.586350
9.339916
7.041816
8.005008
5.506697
5.529395
7.535887
7.741046
7.533145
8.573548
7.731409
7.064898
8.663595
7.750770
5.987563
6.386394
9.773731
7.334671
5.906407
6.573729
9.573232
5.134122
6.846268
9.164983
7.685735
6.661334
5.702570
8.256021
9.066144
7.494280
9.401452
9.652494
6.834197
6.443267
7.657502
7.340894
6.972662
5.193389
5.081940
9.505807
8.766937
7.813349
6.570704
7.430532
5.564118
7.558267
8.816925
5.337849
9.892939
9.723332
6.911578
9.466170
9.857455
8.757847
8.631153
7.543190
5.419180
9.333723
5.799212
9.485325
6.828003
5.200663
9.137819
8.662200
6.643930
6.795321
6.003093
8.616592
6.988709
6.085033
8.122400
5.755646
8.898381
9.693104
8.186178
9.462501
7.251372
7.003103
9.800349
7.144310
6.726436
6.711927
6.610480
6.583891
5.469774
5.241633
9.127081
5.888954
9.575356
9.926291
5.374279
6.403359
5.126955
9.512096
5.065559
6.770885
6.307417
6.068652
5.387478
8.296126
7.153685
8.509878
9.051773
6.052067
8.202982
7.237952
5.514567
5.454354
9.241055
5.314917
7.598665
5.967491
7.026844
9.209145
7.551382
7.496618
9.450778
6.678463
8.385572
9.026134
6.604754
8.759851
5.429494
6.731709
8.271947
5.495053
8.502595
9.579364
6.563705
8.890073
7.875491
8.717390
7.399951
6.927264
9.769458
5.602932
9.165215
5.284024
6.057286
8.406270
5.598941
8.655951
9.373761
7.625785
7.865096
6.925143
5.122403
7.315874
8.603606
8.507976
6.342008
5.208361
7.267826
6.771502
6.940070
5.539773
7.266555
5.442665
5.119137
8.830260
9.332737
7.994628
7.547650
6.732688
9.921892
7.317108
7.335620
9.087107
7.601132
8.392907
7.493377
8.200073
7.048858
6.867138
5.825858
9.913954
8.792281
5.948261
7.229827
7.395887
9.456236
8.571836
7.604247
6.724062
5.343338
9.544317
7.263835
7.609893
9.986981
7.382972
6.440153
9.319719
5.377600
8.987803
6.052406
5.299492
6.304912
8.388027
9.386599
8.906044
6.780934
6.879976
7.106117
8.829792
8.747114
7.931975
8.743745
7.539395
8.880236
5.973572
9.935283
8.336473
9.545407
7.539530
5.060535
9.888745
7.083848
7.324370
7.498638
7.070829
9.707342
8.938791
6.390548
5.084943
7.926595
7.442955
5.384435
9.231506
5.830981
9.771033
8.137549
7.611915
6.651009
5.243667
6.441707
5.398123
8.175641
5.185451
7.937518
7.055878
6.159023
7.872801
5.392351
5.704431
5.412331
5.452886
5.593176
7.496178
7.777256
8.091814
9.567007
7.484599
7.030605
5.957555
7.569542
9.957200
8.400509
7.953977
9.188705
9.231491
7.725009
7.326255
6.843406
9.376019
7.569922
8.285112
9.774140
5.745564
8.470563
7.711658
7.801441
9.629585
5.584459
8.193792
5.334017
5.996790
8.646678
5.927193
8.492968
6.423935
9.019007
8.059975
8.908534
6.049612
9.017530
6.478076
6.006811
7.418040
9.432051
5.195517
6.649531
7.157061
7.521772
8.492937
6.533078
5.091694
6.778049
6.307219
5.837257
5.248612
9.018877
8.638699
9.878199
9.603336
6.832491
5.212215
5.600126
5.479169
6.139408
9.093094
6.903104
5.158414
7.153069
5.811637
6.208026
6.170600
7.289712
7.214837
8.588640
6.721764
7.410354
5.238172
8.878824
9.932126
8.731109
5.411902
5.023820
5.509158
6.719122
5.861077
5.757771
5.737999
9.499777
5.635969
5.341335
6.332268
5.848184
5.941462
6.811437
6.987592
5.034556
8.714540
7.146006
7.187625
9.526177
8.354033
8.358225
6.815890
5.568869
6.946865
8.537654
7.979222
7.185037
7.416479
7.911347
5.916145
7.828382
7.935167
6.425304
9.547503
8.796245
7.183074
5.285502
8.296021
7.819043
5.626838
9.628287
8.667229
6.568299
6.439724
5.654820
6.602855
5.154264
7.800826
8.790480
9.680442
6.154858
7.148705
6.496333
6.723727
9.095570
5.033987
9.702949
6.280606
7.450466
7.614296
7.196752
5.278848
5.549463
8.622055
9.826351
9.345707
5.805130
5.111854
7.641728
8.624173
5.738692
7.270016
7.291402
7.306991
8.709741
7.946221
8.909845
8.864005
5.747047
7.700325
8.544447
6.901906
9.849029
5.040780
8.625632
8.944598
5.074768
8.328581
5.225204
7.525233
5.942877
7.421956
7.804081
6.492340
6.044012
7.630433
5.838047
6.849141
7.742287
8.479775
5.473315
8.480979
5.749791
7.764716
5.787970
9.459532
5.710938
9.697815
8.323537
6.457985
7.398140
6.867985
8.359890
7.247169
6.908765
6.985522
6.191768
6.983532
5.314103
6.416972
9.508765
6.256980
8.838928
7.312847
7.749320
9.882940
9.943279
8.587368
6.732081
7.685567
7.067142
7.205396
6.166546
7.816934
9.970113
6.954515
7.276466
5.681050
6.652331
5.600003
7.139035
9.050470
7.467988
5.498925
6.297640
9.376753
7.484448
7.489407
6.360284
7.798551
8.906379
5.869050
9.055531
7.745307
8.181896
6.804850
7.628246
8.125176
5.392218
9.360328
5.810743
7.459360
6.565724
6.977289
5.276295
6.535836
8.931805
7.552761
7.216887
5.584136
8.152763
9.355922
9.634607
5.620751
9.854847
5.932246
9.997503
7.339294
8.421654
6.357788
5.137845
7.328032
7.226838
9.193375
5.073340
5.408734
5.998226
7.701587
8.533910
6.390443
7.061914
9.344653
8.849804
8.627638
6.321941
9.126100
5.163475
5.253747
6.678860
7.380361
5.837882
9.831623
6.736282
5.472488
5.452374
6.591129
6.404735
5.449877
8.930424
9.826388
6.807665
9.068268
7.154421
9.034503
8.261643
7.227760
9.443236
9.259869
9.929347
7.977147
5.650313
6.991261
7.321800
9.500117
5.618899
8.643742
8.626215
5.782374
8.897488
5.305076
8.162735
9.735370
5.136699
9.899017
5.207858
5.589073
6.490146
6.612592
6.038950
5.420569
6.438980
7.846615
9.488837
8.593401
6.881118
7.750480
5.821161
6.324356
7.010350
5.750508
9.301502
7.660662
7.741769
6.623302
7.160779
8.360668
5.267044
5.786995
9.143043
9.164532
6.092071
7.305777
8.899902
6.228769
7.204795
9.107759
6.817842
8.694941
5.720352
7.856791
9.115510
7.159333
5.703406
8.604347
5.752733
7.584525
6.354828
6.573895
8.908880
8.365177
7.324402
8.210382
6.025839
5.066171
9.833685
8.186619
8.426839
5.100729
8.973614
7.569881
9.265262
5.065684
9.875659
8.165163
6.294453
7.080453
7.272923
8.112295
5.775394
7.993275
5.969086
9.890904
5.152607
6.672492
8.495252
5.905340
9.257017
9.850080
7.479235
8.165897
8.215257
9.803638
6.376280
9.241096
9.869809
6.209965
7.427715
8.296648
6.310695
6.401329
5.866530
5.575955
6.467013
5.742188
8.741119
7.761466
7.822642
6.014041
5.873761
8.598036
9.007316
6.842846
8.488940
9.159923
8.515338
6.984191
5.065263
7.772356
6.834271
7.544498
5.938253
5.049528
7.348136
7.314534
9.290625
7.217944
8.524499
6.718339
5.514593
9.835194
8.119668
6.381122
5.411149
9.586681
7.123311
9.152268
7.348147
9.945952
5.166309
8.221908
8.543988
9.173624
5.064754
7.032928
8.333548
8.580092
9.017119
8.398809
6.352448
5.851390
5.943308
7.290701
5.900918
8.291444
9.605234
5.191543
5.509387
8.129732
6.909882
6.023980
7.964926
5.029550
7.405102
8.376076
9.616232
9.528413
7.528343
6.964379
9.474364
7.694652
5.186286
8.018353
6.868277
5.251040
5.051281
5.201823
8.831133
9.068400
8.600634
5.183580
9.919790
9.543941
7.474280
5.820709
7.835384
7.079515
6.012251
8.344771
5.209248
7.922133
9.368752
8.174173
7.951684
6.773853
6.550249
7.567915
6.302266
9.078592
9.532294
5.776630
6.773244
9.718581
8.794984
8.641521
9.969622
8.846265
8.843345
8.800754
7.914665
7.443977
8.984333
7.834455
6.987918
6.458614
8.655165
9.823302
8.538128
9.667416
8.168074
8.747375
7.589549
7.536825
6.921549
5.541232
9.310678
8.471798
8.109148
5.612944
7.550391
7.641442
6.389575
9.323635
7.360023
5.184558
7.965156
7.329644
9.030823
6.808500
6.130397
6.945487
9.252478
5.114731
9.779942
6.240396
6.573344
8.435106
6.063698
5.111472
8.102522
9.231771
8.858848
5.692070
6.768596
5.780396
6.233302
6.079274
9.252195
9.342450
6.692218
6.802586
6.983891
8.081793
6.126221
9.343915
8.266352
9.091376
6.673559
7.297174
5.899877
7.803956
9.242661
5.152354
7.918687
9.022603
6.392750
9.492031
7.457709
7.456448
9.603503
5.560231
6.688219
8.462351
6.252302
8.456816
9.242748
7.485604
9.536090
8.494943
6.828054
6.228308
5.297528
8.811947
9.310101
6.423749
8.155862
7.576451
5.515125
9.829420
9.873625
6.415002
7.633377
9.116285
6.567357
5.552063
8.138888
7.960106
5.044094
5.596599
5.416554
9.647598
6.156830
7.104774
8.109949
7.409132
5.561589
7.352696
9.894735
5.097678
5.847639
6.722790
6.325986
6.145167
5.534737
5.636086
7.568916
8.690598
8.212537
8.084042
8.520019
8.086162
9.499043
6.153395
7.202446
6.066400
6.705458
5.341335
9.026506
6.749553
5.937933
9.443061
6.397151
7.094763
6.547834
9.507099
9.503894
7.109423
6.859796
9.398630
7.207102
7.707435
6.121420
8.533088
8.852602
6.656156
9.169173
6.421519
5.346754
7.381711
9.505560
8.866773
5.467872
9.004603
5.020168
7.670318
5.071004
6.725626
8.011654
9.097510
8.475179
8.949586
8.540571
9.872330
6.044350
5.088406
9.379430
5.548244
7.197829
6.239226
9.946873
9.404930
8.946661
6.068293
7.938018
7.799263
7.724449
7.107191
9.220782
8.071203
9.488901
8.726343
6.937976
9.956773
7.730947
6.958144
7.627091
7.801950
8.683769
5.638744
6.899461
7.158948
9.588331
5.440032
7.031278
5.632680
5.528438
6.410707
6.180924
7.726266
7.649933
6.127797
7.131197
6.596594
7.196090
5.069215
9.395858
9.920539
7.176406
8.616639
7.991742
6.665307
7.342982
9.929718
6.622080
5.073929
6.887861
9.249171
7.875879
5.571631
9.887916
9.775339
7.730579
9.476246
5.215371
9.761857
5.108926
5.743809
6.172565
6.289850
8.470076
8.822498
7.417647
5.601273
5.419092
9.613737
5.670487
9.814950
9.534277
7.846893
8.431589
7.526019
9.512200
5.774572
7.455737
6.134281
5.848500
9.343598
5.383451
8.724380
9.915229
5.271367
8.499719
7.645808
9.747613
8.715090
7.407666
9.856540
9.458899
8.580231
6.146390
7.928975
7.402730
8.564037
8.530247
7.821821
8.177774
9.200735
7.636771
7.712050
7.047628
6.068361
5.238070
6.559829
6.842932
7.693806
7.694108
7.691432
7.037405
8.077560
6.415812
6.952634
8.348927
9.915531
9.598442
8.096540
8.630621
7.006109
7.953079
8.089520
5.586340
9.099469
6.018495
7.989069
7.663507
9.548742
5.810890
5.841281
8.749477
8.447661
8.553332
5.797105
9.516022
8.791401
7.356934
6.358954
6.485208
5.051042
9.050387
8.522613
8.128602
5.466198
5.475246
6.477529
5.381729
5.073689
9.574069
9.012350
7.079798
7.527148
7.101870
7.666137
6.626617
8.120365
5.655207
9.290124
7.669108
6.466097
5.131404
6.418585
9.913758
8.684736
7.215690
9.429780
7.476138
9.572622
5.788734
8.961345
9.623665
9.839121
7.483958
7.752266
5.305319
7.959204
9.229795
5.687048
8.032893
8.803864
9.699398
5.112691
6.331012
6.801269
7.778828
7.957629
9.921634
8.434034
7.247753
7.590741
9.900131
7.379158
9.009325
9.813890
6.063893
6.225016
9.243670
8.540030
5.797638
5.032403
7.501376
5.421303
9.871523
9.985333
8.173570
5.176843
7.944539
7.403365
5.863891
5.977431
6.207229
5.563290
6.090122
7.538241
7.364559
8.868951
5.495870
7.286192
7.302986
7.743623
9.876933
7.203117
5.122780
8.886259
7.017007
6.186674
5.111275
6.260676
9.726705
5.908913
6.293078
7.228081
6.330216
6.164603
7.213416
9.503785
6.341445
5.157953
6.907151
7.205337
6.135385
8.114380
7.768627
7.225508
5.652620
5.133185
6.094460
6.148490
7.419377
8.397445
8.892114
7.296310
5.600563
9.014894
6.182570
7.617569
5.201568
6.293845
8.878244
9.928273
7.202758
5.171323
7.156354
8.532973
6.335926
9.369770
8.036759
7.677372
9.527723
9.943911
9.882708
5.663109
8.058290
7.651335
7.888617
8.710910
7.784520
8.983076
9.859401
5.203897
7.380521
8.751514
7.500209
7.981083
7.766408
8.682777
5.598652
7.967977
9.976624
9.476897
7.896249
7.179380
9.648220
5.052604
5.712354
5.984147
9.422373
8.749114
8.661517
8.950096
8.693024
8.544226
9.613205
6.751313
6.195560
7.501822
5.462223
8.980081
6.484898
5.321624
9.183978
8.865418
9.073137
6.684186
6.846502
6.839546
5.366965
7.445155
9.807522
5.343587
6.922052
7.703771
7.522968
6.570272
7.756374
8.235322
7.554419
7.178748
6.984437
6.215937
6.128845
5.677461
9.760161
5.742050
7.428774
5.955722
8.243872
7.890997
9.935802
9.728769
8.212622
9.119781
8.594189
7.285759
5.803967
5.440691
9.125305
6.170932
7.885846
8.932827
6.514520
9.807898
6.636598
9.037487
6.378170
9.392972
7.272810
8.932590
6.571720
9.257247
5.148526
7.700563
9.934708
9.908688
8.442614
7.363482
5.864410
6.686486
5.254478
5.800213
6.415255
8.467100
9.919994
5.009444
5.752859
5.723961
5.450135
9.878163
6.894894
8.335980
8.810990
8.409413
8.143879
5.447588
7.446900
9.522049
9.840560
9.719711
8.454638
6.412279
8.976957
8.603164
9.112844
8.911666
8.511852
7.555457
6.275146
9.376263
9.241942
6.529626
5.176475
5.657198
9.996725
5.096469
5.666642
5.749584
5.820430
6.116777
5.627748
7.715323
9.452758
9.438739
6.124736
7.596636
9.886326
8.571637
7.118685
9.726886
8.291348
5.573324
6.139165
7.268307
9.176488
5.252008
6.179972
7.688340
7.807465
7.455119
7.064602
7.049408
8.984745
7.241077
7.706606
8.981470
7.337546
8.373248
9.731054
8.157976
9.490025
5.358802
5.873299
8.942783
9.797541
6.998035
6.539419
9.683867
5.569673
8.658104
9.410752
8.861021
9.231428
5.549918
6.129328
8.407916
5.801926
7.309300
6.096256
8.609391
9.764419
8.160859
5.658799
8.749163
5.401937
8.365405
7.730632
7.739483
6.738653
7.461686
5.897459
6.228678
7.820488
6.770758
5.171461
7.618029
8.768793
6.710879
7.301896
9.338466
5.368983
6.712648
8.199488
9.600411
7.262566
9.328815
8.008327
8.064493
6.638116
9.104584
6.673884
6.402534
7.265443
7.332684
5.151697
7.667379
5.698089
7.882330
5.406862
7.436742
5.344017
6.304321
8.665420
8.164505
8.075079
8.836881
5.782533
6.843872
5.547760
8.084430
6.182339
5.916743
9.797077
9.381826
5.517154
7.059644
8.710642
8.525481
5.124137
5.348758
7.630064
6.798021
6.751292
9.895507
9.130705
6.902989
7.562886
9.828794
9.785319
7.969749
7.265537
5.129335
9.274071
5.930957
8.293840
7.349149
9.767838
9.076374
9.193021
5.315597
7.160803
5.375360
6.232339
6.957880
9.757186
6.749493
9.017525
8.467828
5.274974
9.141662
8.816586
7.905039
5.939683
5.567877
7.800546
5.070388
7.470866
5.363433
9.899181
7.256186
8.333182
7.164718
7.385521
7.607253
8.095675
5.679362
9.956401
7.863512
9.755735
9.149423
8.179109
6.916538
9.524782
9.411448
8.874418
9.281968
6.160941
7.891943
7.749796
6.435915
7.033605
6.566381
9.340955
7.973288
7.134258
7.141500
8.043675
9.605124
7.504934
7.942857
6.861310
5.838117
5.107575
9.246831
8.445369
8.203250
9.926193
8.401770
6.066761
9.681929
7.551192
9.245871
6.598467
7.075974
8.657318
5.472885
6.357942
9.818259
8.364829
9.107738
6.254175
5.398435
5.674119
5.595129
8.371721
7.808376
7.736630
6.415397
7.413501
5.241564
9.358253
9.274811
6.079679
9.465829
8.521642
9.525049
7.669078
8.447834
7.926818
8.735840
8.129763
5.478010
7.981710
9.728230
7.553984
6.639028
5.201115
8.911925
6.457287
8.565943
8.019663
7.711462
8.964377
8.693782
8.306591
7.336099
6.502159
6.043221
8.751496
8.915659
6.284784
8.109750
8.190470
7.364464
7.575578
6.712111
6.889513
5.244656
5.159945
9.816331
8.980495
8.289708
5.294340
6.962206
8.017937
7.848324
8.601234
8.219050
6.760249
5.058521
6.784994
9.779912
7.769983
5.749372
8.473694
6.076574
8.085470
9.975853
7.119794
6.836967
8.891512
8.404578
9.946716
7.081982
5.769042
7.522295
8.794093
7.658556
7.766951
8.954039
7.474886
6.747447
7.243747
7.769227
8.709652
5.261683
5.617551
7.310886
8.480734
7.377800
7.369408
5.265728
7.157712
5.139390
6.015100
5.631406
6.215964
9.100571
5.607259
8.335758
5.937537
9.498770
6.740336
5.884253
6.580752
7.509379
8.406548
5.374846
5.167935
6.173497
9.328884
7.642821
7.920945
6.572631
5.412047
6.630597
6.834314
6.029597
8.941484
5.315049
8.407397
6.310892
5.580777
5.565110
6.450282
6.595877
6.196516
7.666246
5.696447
6.803775
6.002005
6.633984
6.302546
7.742341
7.518237
7.883298
5.251720
5.924784
8.258143
5.419655
7.098281
7.587028
8.062476
5.019226
9.159658
8.474523
6.649823
5.993973
9.504121
5.591307
6.309022
7.911519
6.902199
6.889799
8.476628
8.352481
8.485676
9.673145
6.018728
9.182123
6.476920
7.020732
5.816107
7.779465
9.763074
8.334343
5.662763
5.014794
9.259128
8.920907
5.434449
6.357409
6.507935
8.496924
6.376636
5.667593
6.971448
8.026459
6.661566
6.475569
8.617765
7.970587
9.387087
5.519965
9.860386
7.863716
8.872447
8.346062
7.536860
9.891174
7.528184
9.013779
6.911907
8.344291
6.793245
6.674981
6.678635
7.456008
6.689775
5.937762
6.376915
7.124223
7.295172
7.884850
5.621148
8.671807
8.552442
7.592596
6.698266
5.214007
9.068165
5.316033
8.184595
8.455252
5.835998
8.044981
6.318967
9.708445
6.391043
8.855828
9.599619
8.919226
7.869607
6.511526
7.263517
9.662852
8.186506
8.942152
7.118860
9.876281
9.879914
8.495774
7.000504
7.175086
6.380624
7.621652
5.846893
9.933065
5.214248
7.545159
5.147073
9.282413
7.861192
8.331667
7.737665
8.697189
6.376648
9.056633
8.405634
7.767691
7.912460
8.005255
6.686916
5.782068
9.516781
8.950434
5.444920
7.703286
7.892585
7.563779
7.579567
7.772499
6.059554
9.580071
9.947585
7.440177
7.201724
5.794478
7.373242
7.415972
8.339638
7.520315
6.698385
6.200829
5.851982
9.436050
9.898019
7.228630
8.492682
8.303654
9.996320
6.405143
6.308908
6.683236
7.187210
5.825687
5.633670
7.632130
8.528975
8.526255
5.195909
6.108541
6.298754
6.255464
5.688612
6.246339
8.695641
7.890337
7.040817
6.068883
5.306308
5.380455
8.589197
7.004694
6.581284
9.441180
6.440743
6.479303
6.669810
9.933426
9.782957
6.666130
6.338569
6.091865
8.349366
8.525780
6.917552
8.983036
6.157909
5.446527
7.509291
6.353818
6.555068
8.808045
7.609282
7.243680
5.054384
6.304922
5.134017
7.095201
7.373805
5.440325
7.475656
5.963002
7.445019
9.056940
5.404182
8.885762
5.536242
7.073993
8.819188
5.319200
8.740123
5.157757
6.411065
7.089490
8.683537
8.328617
6.072526
9.841446
8.775144
8.581818
6.195264
5.330211
7.389863
8.804546
7.573891
7.444246
5.109468
7.707908
9.539448
7.483273
8.148233
7.015104
8.446275
5.593252
6.072043
8.850458
9.479015
6.608286
5.924451
8.298203
6.927486
9.664574
8.455960
8.338551
6.754064
7.139497
6.667168
7.826590
6.980943
5.442311
6.408406
8.176208
5.772522
8.798269
6.980753
8.346414
6.242516
7.090221
6.054322
5.781963
9.573494
9.202556
7.797067
8.019770
9.795808
8.869110
6.870227
9.274822
5.477396
7.794678
7.573025
7.404883
7.459252
6.028986
5.743434
9.213315
8.168482
7.410602
7.039904
5.149426
7.852913
8.448310
8.325633
8.625435
7.246579
5.306386
6.971848
8.489094
7.396607
8.026171
9.271057
6.970100
7.228726
7.068124
9.989870
7.024534
5.937233
6.860097
6.299357
6.414630
9.654776
8.872383
8.819512
7.114027
9.901368
9.562946
6.327342
8.069850
6.973548
8.367246
8.219275
9.826462
6.815556
6.544908
8.451897
9.062134
6.851294
5.423746
7.551229
9.247900
8.449916
6.822285
6.218001
5.678642
8.890409
6.207871
7.703176
9.827642
8.067968
9.002534
6.242272
7.722744
7.874916
5.061785
9.836770
7.776284
9.624731
6.164112
5.846134
6.598280
9.531358
9.065410
6.424742
6.346913
5.610318
9.876638
5.409048
7.461611
5.300384
7.960277
6.709511
8.750299
9.782561
7.927513
9.428942
8.672971
9.135384
7.132119
8.500612
7.203352
6.134653
9.742885
9.926095
9.009569
9.804669
9.762866
6.785852
9.429401
5.926978
7.631986
6.027680
5.458336
6.697396
7.452422
6.805250
7.307714
7.329061
7.214298
9.769324
7.629444
5.174574
6.478837
6.379744
9.957136
9.406348
5.808686
8.630106
8.541733
7.940805
7.130719
5.745084
9.075457
6.873603
5.671179
8.085026
6.678273
5.434045
9.870878
6.107674
6.361023
7.502865
7.135354
6.819360
9.200260
9.587776
8.624610
6.507974
6.916838
5.838907
6.277299
9.546281
6.013482
7.756135
5.926025
5.970617
7.162484
6.734712
9.600724
5.704216
9.675516
6.731443
6.449301
8.750974
8.605046
7.120480
6.835999
5.283319
7.554525
6.706877
6.390993
8.915549
9.209742
8.526348
5.734909
8.410002
8.114124
9.359518
9.917975
5.030962
5.198426
6.195274
9.577244
6.211908
8.951410
5.503269
7.182526
6.113894
7.237980
6.783249
6.818110
6.913497
8.514692
8.267410
5.664470
7.119739
5.387890
7.500470
7.403058
7.942416
9.207347
8.794050
6.857965
8.417089
7.320398
7.592874
6.827090
5.434523
6.952392
6.745066
5.465484
7.150817
7.940341
5.042727
8.362724
6.891750
5.545997
5.545251
8.005644
7.783976
7.328500
9.823753
9.697474
5.843192
8.091165
5.361943
7.962931
8.479055
7.862413
5.365988
6.421471
7.069760
9.160039
8.279436
5.486848
6.480437
5.872310
7.313939
6.914959
7.824702
9.059005
7.380444
9.975519
6.999345
7.423171
8.338244
8.891096
7.969167
8.883495
6.896740
5.753143
6.211995
6.720494
5.450616
7.055187
9.811659
5.812560
5.018118
8.290713
8.674973
5.384106
9.712185
5.744733
9.544145
7.991620
6.231582
6.024582
8.863930
8.545521
7.939541
6.688632
7.604525
5.319984
6.664151
9.603870
7.743155
5.002396
8.494966
5.712323
8.885890
5.391706
6.465466
5.097885
7.112199
6.916082
7.153072
6.923858
7.728642
7.171190
5.214571
6.403615
7.555296
9.926756
7.148348
7.099442
7.918376
8.379930
8.124023
6.782307
6.925449
6.063564
8.470938
9.529974
6.383548
5.135088
9.133844
9.126703
5.137484
7.628809
9.839026
9.023375
8.020514
6.304492
9.121260
5.132714
8.220575
6.274332
7.056572
5.949218
8.445522
7.271143
7.352833
6.000819
7.197899
9.501182
8.100261
5.116274
7.881111
6.224284
6.898581
9.806561
7.287848
5.369518
9.336535
8.671396
5.504607
8.470379
7.798100
5.642091
6.099188
7.637126
9.665465
9.119703
8.941620
8.786725
9.252417
7.162194
5.061057
6.308990
8.111412
8.506579
8.580132
5.464245
9.507399
5.778031
9.965426
7.607660
5.894306
7.846538
8.831944
7.792887
7.653099
6.119792
8.162404
6.989634
9.791188
8.667011
5.460013
7.589289
9.309103
6.559201
5.226416
8.974568
5.678905
9.168035
7.761293
9.931322
6.330229
7.822351
6.240312
9.441642
6.328930
9.820444
9.905886
5.836329
5.598475
9.871312
8.443989
6.492781
7.717850
7.275933
9.285666
5.370949
8.395724
7.448071
7.360582
8.186913
6.115083
7.820596
5.776201
5.424185
9.379797
6.002617
9.398754
5.058702
5.170651
7.160048
9.990025
6.500881
9.982397
6.230336
5.942522
6.311328
6.050780
5.848408
7.147657
6.649255
5.719721
5.591646
8.142035
8.437571
7.867579
7.427701
8.808519
6.263304
9.875772
6.169102
9.450216
5.990855
8.989697
5.226418
6.415040
8.369494
6.229035
5.813794
8.428196
6.399687
7.973841
8.418221
7.900568
7.956238
9.648557
8.843089
9.267567
5.699337
9.691498
6.415224
7.348591
5.411219
7.006870
5.490627
8.848790
9.874449
7.918328
7.657309
6.137753
7.794101
8.826411
5.587969
8.784956
7.816109
5.814388
5.199996
6.185603
7.043423
6.013790
9.613799
8.443110
8.987631
8.032021
6.343677
6.943869
7.680576
5.186767
6.211435
8.379913
9.878264
7.626658
5.728505
5.289483
9.633530
6.219131
9.138273
9.507978
9.137460
6.795582
5.645731
6.931560
5.621993
6.233701
5.716516
8.438102
7.048088
5.916512
9.623705
9.091511
6.930301
9.237505
7.534620
5.917932
7.269525
8.878297
7.861801
9.950102
9.065064
9.073236
8.330014
8.943329
6.699895
9.058518
9.232812
6.333424
5.277650
8.371085
5.841403
9.415110
5.166667
6.487134
6.346669
5.788660
7.720834
7.063185
9.226762
9.768923
7.979696
8.850468
8.860434
9.909997
8.087972
6.395053
5.827929
5.357497
5.273351
8.689729
5.307598
9.338414
7.762966
8.637611
8.281743
9.462861
7.696132
7.514555
5.796285
7.973781
5.885640
6.637687
7.388890
6.052306
8.124821
8.735559
6.840966
5.845654
5.798744
6.067728
5.614576
8.778440
9.918195
9.475009
8.688437
8.006166
5.870062
9.516365
8.363663
6.143412
8.206095
8.671261
5.481826
5.969061
7.308874
8.763569
5.431921
5.005005
6.278124
6.228207
7.978786
7.163764
7.865894
5.367676
8.216070
5.990715
9.103236
5.057035
6.836369
9.901980
6.124763
7.450945
8.680420
6.042958
6.925954
7.368857
9.049126
7.796016
6.885223
7.412789
8.939427
5.091318
6.084050
9.421254
6.060379
8.392923
8.184823
6.492301
8.397928
9.462947
7.720508
6.376714
6.626710
5.586401
6.744390
9.842779
6.577115
5.847626
9.899816
8.413484
5.749606
6.024580
5.864429
9.430026
7.067538
7.790382
6.798883
6.116663
5.586397
8.684107
8.529452
9.525825
8.775425
9.613503
8.947079
9.835804
8.006425
7.131901
6.328104
6.404353
6.594848
9.048611
7.781068
8.221559
9.635012
9.525457
8.064338
6.212127
5.373084
7.964154
9.625610
6.122690
8.988733
5.490038
5.552717
6.056271
8.280420
7.351600
7.172935
8.866817
6.035707
5.702386
8.392643
9.811131
5.315888
7.339721
9.646935
8.322313
9.471622
5.975039
9.726666
6.066470
5.023650
7.507734
9.288029
9.658662
7.033193
7.352367
5.870789
7.406277
5.316521
5.496399
8.528967
9.305254
5.986437
9.081684
5.361526
9.266858
6.433284
7.534460
8.133677
7.468991
8.236846
6.526318
7.280122
8.552733
8.866039
6.927057
6.875047
8.337662
7.902097
6.601714
9.404133
7.925746
9.109448
8.692161
7.584408
6.142640
6.044528
8.455196
8.548917
6.361049
8.951595
7.077884
5.666303
9.938032
6.159568
6.027828
9.204891
7.592852
8.562288
7.338566
5.061842
6.799133
8.864884
7.341964
5.351867
7.730924
9.269022
7.226914
6.068585
7.171118
8.828629
5.472718
5.096864
7.938076
9.164879
7.681272
9.080716
5.209407
6.136468
7.629633
6.570456
5.088063
9.707517
7.236758
5.026095
5.867085
8.264587
9.230986
8.459936
6.826875
6.569552
8.521778
8.626009
5.434436
5.863743
8.977876
8.165359
5.132765
6.204790
9.233946
7.303883
5.033417
9.706663
7.400747
7.971493
8.871542
5.082019
7.052209
9.080949
6.218487
9.681843
5.651404
6.306551
9.389359
7.888164
6.332646
5.256444
6.152750
5.563632
8.716379
7.979626
7.133183
7.238159
6.605634
7.567620
8.101902
5.583510
5.732980
8.234667
6.788300
9.966926
5.538550
6.821717
9.673588
7.939297
9.793210
8.545131
8.021317
6.845419
7.626080
9.239803
6.527261
8.277484
5.546353
5.916620
6.165647
6.879000
6.173063
7.318397
7.442632
9.889442
5.298023
9.575815
7.127602
6.903657
7.143435
5.229504
7.487166
7.876415
8.464170
9.275466
7.843341
9.002721
6.097183
7.516929
6.942018
5.890394
6.062059
9.963333
7.735813
8.688139
9.203137
9.263075
6.965622
9.749491
5.179694
8.131269
6.628490
6.352758
5.449667
9.071122
6.242201
5.747690
8.646937
8.369803
7.651346
5.790372
8.599306
5.138513
8.666788
7.063478
9.413979
6.510129
6.066198
5.511163
9.027058
8.008216
6.401557
5.089118
7.971550
9.137370
8.777257
7.174687
8.400444
5.742879
6.924178
8.580139
8.874148
8.552669
9.932896
9.323815
7.623791
6.175097
5.071505
6.270728
9.544901
7.722851
7.061100
8.144207
7.861364
5.727888
5.207685
7.275344
7.238017
6.273883
7.786507
6.265075
9.282099
9.188064
6.354193
7.253649
8.325434
5.131450
9.428337
6.725878
5.874329
6.352515
5.306016
9.748477
9.905184
5.238913
9.072292
7.528974
6.414010
9.143797
8.799702
5.958910
6.866649
5.860802
9.103118
9.728013
6.588690
9.310802
7.003357
8.826708
5.584685
9.789864
5.091783
9.866784
8.977927
6.445976
7.120433
7.303361
6.577425
6.548769
9.029239
7.451754
7.901285
9.335255
7.200232
7.806468
9.574167
6.272524
5.335442
5.988178
5.416321
9.135143
6.947088
7.282970
9.995945
6.050206
7.010983
6.584636
5.361008
9.014340
5.411343
5.945693
8.804205
5.503126
5.812478
7.782131
6.949101
7.932911
5.085493
8.526527
9.481681
9.114732
5.978281
7.382965
8.449987
8.178513
5.189433
8.024155
9.451037
5.524875
9.012332
9.867358
9.660018
5.959420
7.150328
9.655963
7.009626
9.161311
6.240599
7.370634
8.175652
6.651942
8.316327
6.979856
7.155068
9.128805
9.761988
9.104170
7.061716
9.847480
7.630697
6.543397
8.962213
8.608979
8.926363
7.412199
6.787492
9.115796
5.436354
6.238528
9.640671
9.448687
6.105886
9.300689
5.408106
8.256215
8.956652
7.417732
7.417527
5.197251
9.788366
5.593178
6.849193
8.104694
7.573033
9.004261
7.233500
7.335021
8.108431
9.295217
7.182502
5.739129
5.838614
6.144714
9.348107
9.764977
8.556913
6.135599
8.880773
8.993268
7.374128
8.521443
8.441954
8.480015
7.822132
8.850060
6.736230
6.778784
6.267793
9.153757
6.976035
6.056160
9.746935
8.825228
9.160853
7.319969
7.829489
6.394354
9.654990
5.937920
5.689569
6.837492
6.677048
6.528184
7.982206
6.025156
6.293160
6.539120
7.160755
5.173932
5.532388
9.534883
8.695375
8.974341
8.014898
6.517508
7.824401
9.751128
8.296291
9.092194
8.904885
5.272327
5.148354
8.651820
9.097555
9.309207
5.971790
6.927044
5.703561
5.626780
7.864964
6.393131
7.464272
9.542012
7.921315
5.446479
5.567168
9.214476
6.985598
7.727923
9.388408
7.517986
7.262806
8.083783
6.492328
5.277705
9.601292
9.316729
5.028833
7.897583
8.408922
8.933718
8.169910
8.557276
7.585539
7.267465
7.866484
8.557329
9.194509
8.570045
9.184109
7.059473
9.963177
6.648381
6.601485
7.884491
7.094860
7.168653
7.098966
9.080459
9.896576
6.487374
6.598444
7.159382
9.571157
8.090772
7.437086
9.172448
7.407499
7.465919
7.070032
5.816422
6.399637
5.239943
9.373698
8.985177
7.507408
7.240182
7.542506
6.701917
5.810227
6.726615
8.761389
5.773403
8.374996
5.362874
8.657894
5.469856
7.531527
5.756860
9.550315
7.428102
7.244234
6.148758
9.587484
6.815391
9.239530
7.024570
5.987840
6.647029
9.490490
8.057872
7.463451
5.890127
8.297814
6.837150
9.875305
5.805222
9.077332
7.417810
7.507138
9.887560
9.144425
6.268528
5.660962
7.519422
6.631402
9.318856
7.989278
9.162930
5.075716
7.539593
6.591031
7.319950
8.688352
6.178515
9.135341
7.927881
8.203086
5.123181
9.574910
7.693576
8.181052
7.038362
8.583703
6.478867
8.875512
8.459007
7.284089
7.952844
5.876818
9.791227
7.840403
5.021244
6.059755
8.501366
7.540666
7.691157
7.820220
5.529945
6.854086
7.895937
8.069538
8.445117
5.215887
6.757889
9.623632
9.351227
9.685770
7.826718
9.474409
9.260681
5.520294
7.655461
6.299042
9.103996
9.134327
5.174554
7.563004
6.418417
8.127398
8.439823
6.209643
5.967801
8.461067
7.269399
9.469165
6.001734
9.960555
7.289386
6.531678
6.814641
5.185323
9.601216
5.259758
5.401210
6.359105
9.883390
9.752437
6.044875
7.710108
9.226846
5.305555
8.230402
6.882306
6.604598
7.334399
6.016634
6.779151
9.897405
7.435050
9.906549
8.337227
8.644694
5.874350
6.798295
5.914092
5.343514
7.800028
5.874648
7.632900
9.331707
7.689289
7.818223
8.932922
7.949047
8.219432
5.292027
7.832437
7.971869
6.336903
5.542545
7.198715
6.642458
8.772947
9.081021
8.247056
6.107347
5.097654
5.026207
6.004751
7.532705
9.932756
9.341979
6.177399
5.807105
6.140273
7.091491
6.150620
8.940301
7.966138
8.783520
8.272008
5.655427
6.601743
7.204929
8.604474
9.821176
7.496958
6.436911
7.793044
8.833860
6.979455
9.991759
5.476318
5.752402
9.072780
8.723374
6.859750
9.170435
8.749581
7.864500
6.703139
8.682337
7.206479
7.880538
9.489442
8.346752
9.972029
5.640062
7.287054
7.938167
9.423582
5.559061
8.593595
6.025325
7.763991
7.198068
5.846500
5.260949
8.634978
8.639544
9.094809
5.614434
8.631304
9.571127
6.366837
7.704082
8.294501
8.226586
6.874517
7.044082
6.091087
8.577657
5.726419
8.297565
6.458195
5.215862
6.644318
6.430223
5.855924
8.931372
9.368391
5.279506
9.490433
7.961985
6.304831
7.254424
5.160053
7.151331
7.515373
8.795032
5.790875
6.610181
9.409466
9.422178
6.181308
5.776302
7.126261
9.475809
9.002888
9.000778
6.519891
5.093975
7.578435
7.246310
8.391541
9.036631
7.462172
5.035859
5.466854
8.318095
8.967230
9.835244
8.597601
8.457663
7.797229
9.902431
5.712087
7.957283
7.053762
8.227460
6.752315
7.844636
9.837641
6.161780
7.266815
6.018949
6.938082
9.393076
5.494758
5.940971
8.393854
7.014649
6.034945
5.972290
9.260960
9.426486
5.008921
6.723131
9.462345
5.475774
5.041227
8.429575
5.311019
8.638828
6.887238
8.108249
8.541259
7.599325
6.065531
5.595021
5.826785
7.817845
8.439658
5.664425
8.979626
5.706473
6.683374
5.917707
5.099549
7.178133
6.858678
8.493403
9.192782
7.893624
9.465693
8.453741
7.320109
9.474613
5.176873
6.782454
9.950388
5.218100
5.212029
5.261407
8.856927
7.099267
8.369656
7.398186
9.698592
9.435186
7.993207
5.525377
7.253032
6.432865
6.189803
6.232658
7.139338
7.873178
7.150366
7.238888
5.051310
9.009045
5.732290
9.244092
6.902668
5.197983
7.697834
9.222777
9.672597
7.874706
6.005232
9.622985
8.092805
6.217261
9.884392
6.949732
8.316528
8.254047
9.347918
8.015121
7.689234
7.341125
8.540499
9.942266
8.773991
9.730302
6.174924
5.913329
7.603479
8.325290
8.152216
7.654790
7.334333
8.884506
6.898881
9.237001
9.082490
9.596715
8.459779
8.755087
7.471421
9.465010
8.378072
5.564227
5.682272
8.262464
7.513958
8.998800
6.516510
6.861876
7.013922
9.205744
9.203002
5.554420
9.148010
7.976992
5.284722
5.322934
8.890322
7.888201
8.648223
7.042537
5.542990
5.982556
5.927044
7.441872
5.219557
5.009534
7.038587
8.679337
8.764621
9.510008
8.144346
7.142693
5.074234
8.826618
5.405156
7.588192
7.825418
6.921666
9.450069
9.839340
6.127410
8.653070
5.393762
5.275420
6.630063
5.678483
5.598354
5.520384
8.566684
9.246576
7.562922
9.109674
5.229133
8.489965
6.551546
5.448690
8.499499
8.590133
9.128026
7.264121
8.100140
7.272373
9.406814
8.174374
6.098991
9.811969
5.762567
8.924410
6.733636
5.212636
8.763751
7.861046
8.865707
9.157513
8.136465
5.495770
9.835996
8.734818
6.016155
8.402680
7.981396
8.579077
7.512355
8.210527
7.069043
9.063901
8.659219
5.568542
7.654033
7.787245
7.832663
5.754173
5.059618
7.239476
8.928548
6.158609
7.051446
9.691115
5.083020
8.785081
9.903751
8.846771
6.646127
8.769459
8.004284
9.782592
9.265228
7.840280
8.517410
5.281384
6.242960
6.498806
8.860460
8.755314
9.709334
5.929503
7.819215
8.368553
6.498046
5.473248
6.155798
9.330709
6.227422
6.215415
6.570186
5.155970
7.374025
8.621632
9.847085
7.457046
7.406713
9.750835
6.303816
9.052839
8.520294
9.308101
8.835431
7.785523
7.148380
7.352841
8.066907
8.391341
8.851647
6.927367
7.146655
8.560982
7.856871
9.965870
6.929534
9.354918
5.439119
8.085332
8.685627
6.666541
9.300748
5.255813
6.822511
6.674773
8.877445
6.669596
9.131819
6.284158
6.420432
5.435635
5.336997
9.940727
9.743736
9.172428
7.726250
6.892116
6.525270
5.793157
5.283456
5.376917
7.720524
7.430112
8.937899
5.577395
7.395982
5.867433
9.932312
7.835101
8.952765
8.617939
9.501642
8.253513
8.873753
6.324153
9.928286
7.751197
7.993750
9.060104
9.035355
9.414181
9.495739
9.372352
9.354907
9.239474
8.544780
7.081157
6.131591
5.070050
7.874313
6.415048
5.446968
5.594838
8.845160
9.384867
6.172233
6.241141
5.252299
6.104545
9.076243
9.205065
9.722485
8.577886
7.458578
8.596236
9.902039
7.386864
6.347433
7.895787
6.446968
5.382788
7.309968
5.942707
9.755139
6.664876
5.182182
8.299919
8.746033
6.313773
8.369969
6.620347
7.728821
8.816936
7.215185
6.573980
8.201803
8.387417
7.815122
8.454103
9.491962
6.891365
7.659167
9.214447
5.469251
5.117745
7.810683
5.371289
7.504609
9.158115
8.267076
8.951576
9.540903
5.577044
9.894284
9.296043
7.241920
5.076466
7.595963
5.987953
6.390239
5.965931
7.608300
9.119060
9.782868
9.823484
5.693040
7.984671
8.210902
8.508162
6.438774
7.702865
5.399527
9.097940
6.917310
5.868778
9.215686
9.727993
6.240067
6.720294
8.886109
9.507142
5.671871
8.427012
5.084186
5.566154
7.723055
7.326106
5.642620
5.319017
8.314058
7.032859
6.284948
5.922359
6.151919
6.067817
5.745844
6.844959
9.052487
8.956745
5.353121
5.491261
6.659610
5.752647
9.589203
8.576920
6.621425
8.804888
8.304913
7.861491
5.525183
7.191023
7.368632
6.197053
5.618034
7.452819
6.763208
8.341090
9.778925
7.405828
8.660108
8.092984
9.438687
9.945057
9.015343
5.590606
6.012874
9.761187
7.435564
5.065361
8.717932
7.788684
5.556623
5.377542
8.541332
5.145825
8.954462
5.162757
8.950714
7.259375
8.024248
9.475896
9.450397
5.392880
5.672949
5.068432
7.845700
7.436156
8.409523
7.624624
9.841985
7.069630
5.717608
9.280671
7.014687
9.732951
9.871277
8.027560
9.494138
7.306841
8.092921
8.212070
5.095525
8.649545
8.589612
8.636857
8.795370
7.544074
8.799614
7.746083
9.803449
6.823862
7.221979
9.253845
7.216743
7.894928
9.322277
5.062442
5.331084
7.731800
7.687066
5.173069
9.801430
8.404675
9.453740
6.816116
8.137626
9.325017
9.843677
7.631764
6.631858
7.936598
5.843834
6.727383
6.586142
9.433446
5.364241
5.381512
6.977519
9.163855
8.127595
6.780968
5.987717
5.349574
6.034813
8.204459
8.244503
5.357091
8.266901
8.575586
8.088890
5.953968
8.748655
7.890321
9.358643
8.202394
9.706438
7.496268
7.527411
9.550115
5.128032
9.159269
7.486712
5.971866
5.886653
9.072855
5.405312
6.250894
9.454367
7.382831
5.414748
7.581963
9.163798
6.402465
7.931537
5.198612
9.606924
6.176038
5.555702
7.873826
9.751625
8.644592
8.827793
8.500279
6.534913
8.186436
6.702675
6.241351
5.682703
9.230086
5.791465
5.810735
8.389357
8.278177
6.782601
9.276009
7.351032
7.187914
5.526902
6.805398
9.570745
5.941651
9.387361
8.734543
7.344116
7.318897
8.933154
6.951041
8.494935
9.488857
9.824866
8.246559
8.133449
8.652659
6.746840
9.668362
6.839095
8.449514
5.909714
7.521798
7.679600
6.701179
8.332534
6.068956
9.979355
5.115135
5.344965
7.330387
7.303048
5.871867
9.135786
6.873793
6.813518
8.523146
5.608336
9.157634
5.842043
9.541491
6.108675
9.336978
9.030347
5.933540
7.583537
7.163796
9.586200
9.330377
6.832159
6.425294
7.779890
7.741872
8.947092
5.459491
9.443050
7.279626
6.528447
9.422405
7.394762
6.873412
6.752792
9.697810
7.745279
5.888578
6.571603
9.558797
9.411725
7.179939
8.716431
5.253767
6.721430
9.825106
9.590745
5.751777
5.758646
7.174283
7.915573
5.344846
6.504660
9.747732
6.770140
9.284550
7.489604
5.717232
9.744041
6.932653
7.996859
6.272488
6.355059
5.391620
8.145901
8.107851
5.089430
5.891180
8.996429
6.661033
5.449976
8.408154
8.840972
9.166408
8.661922
5.562402
8.991512
8.252667
6.314179
9.750158
5.426950
9.229753
5.095004
6.931610
8.977485
6.865144
6.216159
6.467088
7.582376
5.960201
8.399742
5.579234
7.232689
9.754800
5.970855
5.378590
7.862651
6.060285
6.269769
6.859081
7.721317
6.719746
5.267235
6.562289
5.886152
8.929156
7.124691
9.877665
7.181823
8.438871
9.627823
7.608773
7.668623
9.722826
9.540382
6.646108
6.587970
5.756542
8.113195
9.170346
6.716743
6.512937
9.749580
8.949432
6.267736
5.720435
9.328021
9.130388
6.780720
5.597791
5.989469
9.502037
7.317535
6.256703
6.064325
8.203688
5.185860
8.189017
8.081352
7.367683
6.627888
7.709176
9.976456
9.296512
7.432003
9.516839
5.942619
9.019974
5.273381
9.055814
8.190319
6.990124
5.568751
7.939900
5.939556
6.836488
8.660336
5.267577
5.966876
5.441055
5.865368
6.956344
9.943091
8.182903
8.213048
6.007417
6.386591
8.398908
9.196434
9.467944
5.766591
5.824322
7.177120
5.743048
5.120833
9.609122
5.259886
6.063452
8.629095
5.533267
5.119266
6.819415
7.523391
5.688017
9.759315
8.462947
7.524505
8.419651
8.730525
8.491381
8.860704
9.595892
5.447725
8.803797
7.778795
8.660773
9.811213
9.165386
7.059680
9.007648
8.633330
7.826271
9.831970
5.810451
8.569319
9.952803
5.419573
8.829205
6.016254
9.048668
9.362473
6.135520
5.868083
6.885863
6.823537
5.627398
5.348811
9.348042
9.047049
9.079335
7.839422
7.907754
8.675227
8.287148
6.711551
6.454023
6.947920
6.522765
5.619410
9.007601
5.530412
9.252740
6.833872
5.362382
5.063190
5.403190
5.315184
5.482763
9.232396
6.331439
9.531431
8.594868
7.466959
5.399514
5.480732
9.290496
6.026913
5.829542
8.638538
5.073962
9.908877
6.477961
7.981716
8.584105
9.765108
9.693266
5.038128
6.713027
6.216031
5.657537
5.720627
6.746444
9.910277
7.554499
7.108825
9.973468
7.957689
7.424009
5.456231
7.190084
8.755447
9.987661
5.784953
6.222406
5.387177
6.265685
5.512902
6.414089
7.095227
9.151440
6.488051
7.004105
5.629400
9.469767
5.588210
5.394507
9.163033
5.626339
7.107534
5.379064
6.283876
7.828162
7.125507
6.194154
5.382661
9.234332
6.167622
8.340349
6.658341
6.623852
5.530434
5.413789
6.611514
6.315388
6.636195
6.998691
7.581072
7.149097
8.412780
9.676299
6.300537
9.900829
6.680405
6.929937
9.370596
7.268615
7.324444
8.533629
7.894954
9.431978
8.912693
9.178829
7.260140
6.038201
5.372984
7.642801
5.272533
6.540606
5.983150
6.930875
8.164458
6.513585
7.344663
9.775972
7.828972
8.980858
6.774663
5.410044
6.129956
5.187442
5.086344
7.430493
5.088272
6.766748
9.360430
9.458868
9.035363
6.684875
7.992498
6.930316
6.116853
6.905192
6.109146
8.376993
7.943393
6.482129
6.019794
8.215925
8.022735
7.002944
5.146800
6.187192
8.516529
7.491464
5.963164
6.345500
6.472322
7.737827
6.755545
7.602279
7.925269
6.841888
5.032772
8.013541
8.608636
9.393202
7.472410
7.643999
6.078076
5.464908
9.574315
7.194929
7.370100
5.683461
5.571922
5.313493
7.165590
6.591715
8.529419
5.188324
8.594659
8.676219
6.375517
7.111187
6.167683
7.338681
8.456688
7.640005
5.076509
5.212233
5.242284
8.001778
7.054120
5.275055
6.015319
5.662756
9.668257
8.487729
8.306756
5.746334
8.952637
7.881070
7.941262
6.322737
8.564531
8.513185
6.636230
5.730121
5.104899
5.165648
5.918446
8.699558
8.841867
7.293962
5.810746
5.009551
9.632644
9.267434
7.649556
9.709152
9.479666
7.891840
7.710930
6.533786
8.166895
8.726250
7.196543
7.835152
7.213978
5.503299
8.581486
6.166615
8.384370
6.522748
7.489352
6.948900
5.035932
9.125582
7.679021
5.140831
9.291231
8.597467
8.840389
8.133099
5.891429
9.651135
8.142649
5.524073
8.918570
5.792205
5.233226
8.398235
8.684044
7.944157
9.932021
6.850939
6.670406
7.128564
9.686090
8.884384
7.631864
8.267576
5.051000
6.016232
9.790324
7.540352
7.965133
9.826256
6.665935
5.644155
9.967088
5.957166
9.241621
8.807477
9.090264
5.133051
8.458612
7.232913
5.657125
7.377182
8.025118
5.890350
5.775416
6.709163
8.834507
5.707438
8.560102
5.504913
7.836002
8.246193
9.389297
5.467865
6.513770
9.440297
6.484097
6.304093
6.980649
9.449230
6.130350
8.646584
5.093384
6.097437
9.603749
9.335007
9.904914
8.694014
9.468058
8.363527
5.926928
5.125182
5.740708
8.952045
6.015532
6.516125
5.661208
9.850039
7.223563
9.221310
5.354952
5.059565
7.467503
9.744248
5.527430
8.981272
9.184546
7.011527
5.285366
6.165195
6.460757
6.415716
9.811778
6.554141
7.513154
9.415527
5.889148
7.418068
8.109542
5.357204
5.781594
9.036469
5.482386
6.522303
7.988515
6.497918
8.038427
8.649722
6.347957
5.261991
7.871033
6.702909
5.321555
5.338535
6.447157
5.848985
9.319808
5.631702
7.860512
9.605174
6.796898
9.321269
6.020890
6.608676
5.875410
8.534044
6.024203
6.764557
5.952112
9.133745
7.121761
6.733706
8.170214
7.604147
8.256010
6.158729
9.102066
6.294437
9.808451
5.450022
6.556428
7.679484
7.152930
6.877984
8.018019
8.600087
7.726969
7.337828
9.231789
5.587480
6.943002
6.028687
9.908749
7.963892
7.637362
5.784159
6.497936
8.661566
7.548716
7.450048
7.795311
9.670477
9.183755
5.965525
7.274625
7.439765
7.124253
6.376690
8.734202
6.932705
6.826711
5.290630
9.612189
8.979641
7.168614
7.630208
7.579728
9.895583
9.968035
6.811518
5.483063
6.911037
7.840204
5.391811
9.874929
5.477566
6.175970
6.372866
9.139132
8.724686
8.822914
6.934443
8.395163
8.006669
7.899967
5.669787
5.446434
5.024221
7.046476
9.180635
6.956926
8.873188
9.471266
6.569115
7.852830
6.639881
9.199324
5.432558
6.535463
9.167358
7.244074
7.018526
6.078396
5.084279
7.410338
5.953325
5.561845
8.586308
7.326190
9.700976
7.310993
6.149104
6.635419
5.706155
9.155773
9.535387
6.375943
9.602207
9.559608
8.422421
8.782843
6.516535
7.295608
8.254109
8.085650
5.148438
9.893990
7.284973
5.580995
6.429453
6.452332
7.825069
8.447980
7.530727
7.909348
5.858317
8.484053
8.471192
9.444625
5.810244
8.172169
6.755618
6.959348
9.807589
7.461773
6.115121
9.342976
8.837717
5.717328
8.902584
7.260136
9.500171
5.419119
9.555744
7.754279
8.504768
9.704182
7.648269
5.789742
5.285176
9.077722
7.242074
8.110246
7.525702
9.772801
6.019593
8.384019
8.256854
9.490787
7.828643
9.067098
7.662955
9.584261
6.026445
7.470543
7.046035
7.141567
6.813519
5.883751
7.858895
5.716104
8.143887
7.359066
6.135221
7.699631
5.113345
9.639990
7.403812
7.761613
5.429732
7.688989
6.839335
7.671805
5.799234
9.365038
7.444607
6.818828
7.749056
5.701461
6.309614
5.577700
9.768559
8.972569
5.161962
5.795004
6.443112
7.207996
7.936572
8.256632
8.091747
5.795466
8.972734
6.235634
8.154531
5.107956
8.935265
8.267876
9.747947
6.339077
6.029490
5.177679
9.028067
7.868825
7.849484
9.827300
7.233863
5.294092
6.646128
9.982919
5.995553
7.955742
5.560618
5.764112
6.928311
5.722580
6.559115
8.371424
7.930576
9.495687
6.628055
6.022324
5.291154
5.600790
7.257957
8.445685
5.708746
6.193223
6.713562
5.456693
7.532300
7.743052
5.634372
6.560366
5.611877
8.483856
6.387666
7.845740
8.777948
8.033794
7.828659
9.773500
5.989537
8.389277
5.537612
7.917848
9.111857
7.096728
6.289272
7.042434
6.592416
7.917327
8.064757
6.883569
8.518116
5.322714
5.329255
9.226862
6.515937
7.042817
9.683554
9.048237
9.785868
5.317926
5.608602
5.397745
8.801783
6.996268
8.243484
7.579731
5.030062
6.072144
7.353230
6.019599
9.461421
7.890843
8.937447
8.573279
9.987571
5.226719
5.615713
6.579986
8.144045
8.680470
8.463555
6.662161
9.003184
8.792809
5.889024
5.519121
5.835626
5.572578
9.567357
5.621495
5.890504
5.175960
6.019239
9.692286
7.172227
9.262725
7.272017
7.202290
5.334868
9.625248
8.221889
9.796289
7.516091
7.159336
8.369569
7.503662
7.386054
8.985282
9.083648
5.530099
7.665751
7.547203
7.192261
6.668936
6.340013
8.081285
7.188057
7.175639
8.653862
6.755414
7.797134
9.544367
6.931374
8.816374
9.236654
9.103601
8.079099
6.508671
6.305890
8.413966
6.133919
9.527779
8.210257
8.650011
6.687114
6.579824
6.153672
9.073168
5.565106
5.237320
9.603267
8.230858
7.784523
6.795527
9.899794
9.124537
9.876812
7.087851
6.300176
8.530674
8.843265
9.097309
8.075042
5.774638
7.913683
7.311695
9.878239
5.992781
8.820367
6.184129
9.406748
9.954286
5.711907
7.617003
8.604297
7.399021
9.196827
9.757969
6.472189
9.761934
9.995289
6.075456
7.992792
7.779813
7.870983
7.892586
6.904349
7.747794
9.980436
8.204525
6.278469
8.823701
7.301834
9.353510
9.598340
5.215517
6.665206
9.476578
6.208298
5.485572
5.660707
5.615046
5.439858
6.372614
8.232049
9.044154
8.771636
7.428877
8.802123
5.243825
7.190811
8.797413
6.319280
5.183603
6.577225
9.190264
8.076189
8.481574
6.938058
8.056625
6.686099
8.216527
6.880326
8.987933
7.570038
6.478666
9.203450
9.235243
5.955244
5.411748
9.720816
6.615952
6.026793
5.160673
7.988566
9.258843
9.204827
6.760202
6.687720
8.006950
7.004027
8.878531
6.804363
8.323307
9.062134
8.381588
7.513571
7.138323
6.863163
9.451629
5.194948
8.549261
7.668156
7.075274
7.537194
5.238194
8.553940
6.740644
9.473437
9.509184
7.152391
9.194252
6.125136
8.179186
9.354925
9.113702
7.438029
8.559752
5.873904
9.125749
6.566703
7.877932
8.004280
8.371066
6.201239
7.066414
6.752654
8.714809
9.204737
8.615817
8.166438
9.399684
7.165078
5.834594
6.474958
9.702271
6.072788
5.028899
6.442915
5.546225
9.538083
8.595306
9.740477
5.663219
6.774493
9.095401
9.776921
9.212523
7.655153
5.650826
8.338271
9.221857
8.528757
6.342551
7.592922
9.729996
8.408965
9.345577
8.444805
7.613701
7.961393
6.611243
7.013385
5.126471
7.445838
8.488344
9.828742
8.518627
8.517242
6.271657
9.064851
8.055326
9.866964
8.805327
8.718544
6.641457
7.900729
8.495465
5.853980
5.555882
9.146292
9.192251
9.777739
7.675049
5.534802
7.370661
7.405045
8.943768
6.716237
5.849850
6.557469
9.677630
7.461093
8.570854
9.804101
9.906931
7.059197
9.632843
8.425558
5.576439
5.904500
7.490408
8.631764
5.771465
6.295736
7.350309
7.412922
9.196465
5.845775
8.266902
9.752348
9.992066
7.459152
9.530087
7.667115
7.993955
6.900747
5.072159
6.937722
8.616984
5.922009
8.495192
8.294615
8.383101
7.066045
8.098716
8.290033
9.125243
7.731559
6.715591
9.701682
8.636059
9.205999
8.333447
9.407524
5.501736
5.683756
6.820446
9.698201
6.529531
5.087347
9.450549
6.521597
7.546500
8.980636
9.188713
5.540454
5.881382
9.260873
7.478176
9.498366
5.182881
5.973368
7.792981
8.565983
8.039412
5.891697
6.856016
7.164655
8.623256
8.571607
6.866338
7.259315
7.777607
5.199785
6.666839
8.279343
5.883541
8.487284
7.977544
7.413072
8.574631
7.428092
8.934669
6.121131
6.408727
8.123383
6.661586
7.290110
7.384255
9.139762
6.788476
7.567136
5.113130
9.581457
6.133119
8.152542
5.473154
7.989135
5.317198
9.096411
6.560742
7.183536
6.355725
9.338349
7.383320
8.022564
7.617692
8.266861
6.509848
5.595235
5.679934
5.084479
8.023328
9.614603
6.205611
9.432055
7.737986
7.867197
6.722165
5.122241
7.006959
8.510641
7.689377
7.120089
8.092097
8.822496
5.272631
8.565252
6.811631
5.589829
7.661661
8.372374
7.773365
9.017386
7.710723
5.156685
7.039950
5.328414
8.423547
8.549798
5.923650
9.103480
8.634277
8.946978
8.718084
9.839889
8.379032
6.456070
7.707085
5.101197
6.578311
9.714043
8.611837
9.267689
6.834132
6.703935
8.090185
7.106763
5.269186
9.901815
7.696591
7.930848
8.274190
5.469956
6.948234
5.984913
5.626641
8.988184
6.313328
9.050188
7.537982
7.236978
8.153668
6.172260
6.183955
6.871752
6.012148
9.562988
8.327822
8.719234
9.664186
9.906134
8.433276
8.276024
9.173821
5.267408
9.979959
7.264007
7.374172
5.249146
7.165823
5.070764
8.179994
5.440012
5.540720
5.128228
6.424925
6.167362
9.116412
7.738253
5.217550
6.654394
9.975230
8.371219
7.826654
6.159185
5.242970
8.838802
5.722174
8.570793
7.558036
5.386360
8.476926
5.991312
8.662384
7.650748
6.258721
8.642343
9.914755
8.632893
8.891488
7.080577
8.703656
7.071483
7.520590
9.244376
7.199711
8.945515
5.411738
6.316123
6.683768
5.629289
7.970518
6.658998
9.000506
5.797172
7.818183
9.243478
9.635974
8.540358
7.814270
7.194010
8.926717
6.291196
8.185322
7.589099
8.941944
9.444044
6.231442
8.856698
8.076936
5.122931
5.937276
6.780593
7.194414
8.457866
6.024969
9.394125
7.403381
6.436707
5.710248
9.087149
7.065996
8.680765
5.746146
6.066503
9.477938
8.564329
5.309979
9.113913
7.104687
8.124249
6.307922
6.031403
9.415445
9.493245
8.620502
8.357389
8.937289
9.851945
7.214088
7.014226
9.974876
8.151363
8.794818
7.169290
6.609230
9.819787
6.563415
9.012609
6.256495
7.273662
8.099758
8.322491
5.954428
8.845903
9.388992
5.432366
7.410233
9.698972
9.546278
9.514919
7.823222
5.854201
5.546322
7.238667
5.347446
9.166824
5.596056
9.284736
9.018770
7.810144
6.298961
8.993646
5.961508
5.093779
6.162935
7.570738
9.913567
7.726350
6.583347
6.170061
5.000012
9.683105
9.492551
5.954441
8.529009
8.881544
6.386806
5.939243
8.580515
5.933084
5.454163
6.403737
6.787286
6.000485
8.642405
7.134732
5.167310
9.238461
6.419467
9.186079
7.048604
7.718429
8.179726
8.010113
7.812208
9.342662
5.580850
7.725774
7.069012
7.164197
8.895835
7.069025
6.847301
8.388386
8.023464
5.376311
7.269930
9.410272
6.315553
5.850445
5.343356
6.769715
7.254182
7.130641
7.770201
5.896587
9.265373
7.937510
5.135047
5.684841
7.123590
7.183652
8.403269
5.303316
5.193764
6.215477
9.645978
5.774614
8.941251
6.714990
7.938810
7.837085
8.784014
9.786112
6.225471
6.807479
5.162423
8.495399
6.217751
6.477977
9.345845
6.561107
8.247692
6.600027
8.691748
6.017894
7.496614
7.957121
8.955403
7.631660
8.641962
6.078994
9.815312
7.045230
6.382310
5.009077
8.260707
6.028288
5.783691
7.201958
7.743278
8.722502
5.039042
6.527292
8.508615
6.264513
8.334771
8.671038
9.759913
9.552522
5.149014
9.105758
6.113627
8.396708
5.705786
9.805375
9.414600
8.202399
7.762496
8.370005
5.834060
6.404457
9.448997
5.649373
8.449688
5.831308
5.658450
6.710395
6.859597
6.442141
8.912353
9.602875
5.164642
8.951395
6.130167
8.673256
5.215908
9.464939
7.344294
9.975821
9.017460
7.493308
9.081579
5.131087
5.890016
9.787365
9.936462
5.304616
7.989764
7.698958
8.674621
8.823825
9.103416
8.123619
9.473198
7.553103
8.954927
5.131648
9.263498
5.814524
6.573788
8.175851
5.417399
6.738430
7.127246
6.547566
5.411686
7.343153
6.012505
7.755980
7.318974
5.029964
5.249288
6.400554
5.161052
6.139304
6.187919
5.097514
6.443920
9.177684
7.796473
5.118541
8.001508
6.899889
8.242159
7.474706
9.452992
7.197087
7.606354
8.716490
8.011611
9.180141
6.892342
8.429011
5.918572
9.019587
9.976577
6.330258
6.362741
5.989082
9.086238
8.681715
6.019046
9.335526
5.082269
6.180098
5.474830
6.270188
6.277613
6.918750
5.447871
9.074085
7.037291
8.449379
5.973973
5.279450
5.924085
5.426965
7.476537
8.530438
9.143456
5.488148
7.710580
6.035798
8.917159
8.629152
5.055385
8.893736
9.959411
6.418126
9.882817
9.045649
5.099840
5.901864
8.381175
5.182109
7.081962
8.856006
6.452297
8.359574
5.774756
6.900168
7.433659
7.812047
5.349547
8.407632
8.091496
6.273632
8.834599
5.568033
9.804071
7.978054
6.056181
7.514651
9.013852
9.973340
6.143804
9.069237
8.867075
6.103214
5.487362
8.749893
5.148863
5.587202
9.651757
8.530039
5.769312
6.733719
7.386045
7.221609
5.093293
8.160800
9.121778
7.526953
5.972847
9.471325
5.934585
9.064344
5.744957
9.769183
9.632378
5.549028
7.747237
5.688559
8.063679
6.761089
5.661898
9.207482
5.830326
9.528975
5.310697
6.317687
8.278867
5.459559
6.904889
7.930624
8.989597
7.674201
9.664344
6.375641
9.895810
9.757637
9.536442
9.017588
7.284589
5.509289
8.488913
8.219174
9.573632
9.233870
7.988358
9.206010
9.782897
5.735595
9.894568
7.846576
7.496684
5.556467
7.054058
8.327008
5.085441
7.364755
9.644695
8.364307
7.824314
6.549585
6.294932
6.813911
9.223786
5.959276
8.189552
9.119596
5.716913
7.725994
8.137184
8.001502
8.235283
6.626097
6.220677
7.808915
5.859966
9.209034
7.014925
5.642863
9.944629
6.909493
8.489439
7.441311
7.465960
5.543498
5.768321
7.551401
7.908253
5.413016
5.915709
5.732566
6.962602
7.210640
7.546477
6.186388
8.169916
5.736030
5.305984
8.886828
8.462024
8.443170
6.888331
6.697307
5.069266
8.109008
9.506222
5.929232
7.318041
6.521146
6.572095
7.262670
8.430639
5.061535
9.703981
5.896599
5.605032
5.472302
8.448000
8.513285
5.885318
9.363708
9.245852
7.847919
6.574348
6.792328
9.034307
9.744265
7.528358
9.340292
8.631094
5.990382
7.783461
5.519424
7.687688
7.852727
8.628431
7.193910
8.781960
5.946474
8.715056
5.354055
8.209144
7.145695
5.415590
7.913125
8.042295
6.020622
8.385427
6.490294
9.533907
9.270744
5.854002
8.779758
7.118663
7.428350
5.572086
6.152970
7.172614
8.100445
5.493262
5.803708
9.090826
8.276724
6.323132
6.778515
6.129451
9.951564
8.972425
9.911411
5.898037
7.687480
5.265465
9.107181
9.833176
5.681055
7.020305
7.875471
6.701677
5.405731
9.365765
6.235584
9.676476
5.219766
5.015342
6.795139
7.648116
5.587428
7.948110
9.820730
8.687873
8.441372
5.624438
7.778699
6.718096
6.947570
9.557215
7.847547
6.899134
8.529639
7.758957
7.797171
6.217120
8.024423
6.904351
6.050296
8.705478
8.924656
8.925767
5.407155
9.330387
8.291532
6.642738
9.006863
8.511297
6.658080
5.802002
6.159413
7.245508
8.750111
5.980143
5.933381
7.191483
6.604581
8.712081
8.909578
8.552151
8.269296
6.757125
5.451284
6.798935
9.516082
8.248455
8.016056
7.540504
5.152807
9.066353
6.245982
9.077462
7.992120
6.653137
8.407849
6.283650
8.295876
7.414712
9.794949
9.953956
8.216714
5.954361
7.199464
6.966825
6.934504
8.132846
9.158308
8.539085
6.844927
8.067886
7.091236
5.114222
9.825011
7.542521
6.913157
9.341093
5.790977
9.929214
6.881597
5.943783
8.995566
8.127579
5.021245
6.987686
9.780716
8.429096
8.271337
8.076591
5.843808
8.066284
8.030547
9.060522
9.020644
5.230012
6.027348
5.955148
8.362858
5.185656
9.494233
5.207785
8.253542
6.585469
5.322007
8.078554
9.127991
7.235165
7.419646
9.918967
7.164378
9.301243
5.862751
6.159945
7.428822
5.883996
8.147631
7.209538
9.313091
6.418967
5.286129
5.156899
9.485250
8.316677
9.217421
8.505896
8.546688
5.244768
9.461044
6.909547
5.430424
8.955277
7.117331
8.683967
5.540747
7.439338
6.762520
9.668737
9.674502
9.182166
9.587705
6.838881
8.483410
5.450455
7.998826
5.912232
6.334451
6.146456
8.121769
5.647542
7.565423
8.407899
5.804441
7.050673
6.724576
5.021862
5.556569
5.271264
5.266631
5.017613
7.180811
5.697055
8.972891
9.298142
9.381021
9.513638
6.737480
6.143541
9.182376
6.411983
5.325708
8.770080
8.250865
8.809117
9.220534
6.249691
9.721350
5.554986
7.396147
7.843119
6.202527
9.961569
6.251018
7.006968
7.012243
7.975594
7.028830
7.568812
8.246859
7.295461
7.586425
5.427670
7.992516
6.559315
9.725811
7.373537
6.072953
6.463292
8.517078
5.255328
7.875275
8.842786
9.025408
6.126140
7.651904
8.245943
7.375830
7.373252
8.800928
9.771976
5.216372
5.003455
9.733545
6.467390
7.010424
6.745789
9.442983
9.039254
9.314601
7.689841
6.334714
6.901026
8.117510
9.327229
8.460341
7.843322
6.700767
9.533295
9.306613
5.217845
9.788622
7.181888
9.060631
8.814031
8.308028
6.712534
7.059974
5.683858
9.085787
5.860901
5.455834
9.302158
5.864357
5.189381
5.769547
7.874781
6.935170
5.212530
6.914034
6.249770
7.902370
8.248749
8.150796
6.019881
7.575979
6.611137
8.863202
9.276745
6.144431
8.169815
9.494590
5.933053
5.351703
8.555221
9.747084
8.659731
5.267755
6.807056
9.343589
9.353541
7.667959
9.799423
8.655700
8.532315
9.988804
9.425247
6.407096
6.923973
9.637777
8.321132
8.173743
7.540149
6.569880
6.324539
8.560029
9.145860
7.935676
7.423231
8.422605
9.080107
5.593047
7.917195
5.013160
5.944750
6.472416
9.760244
9.604481
6.740170
6.567301
8.948070
6.093712
9.235259
8.747493
9.749412
7.767575
8.736297
9.174660
9.174671
5.660270
8.812436
7.495802
8.834013
6.352584
9.065682
5.158552
9.912614
8.211542
8.094229
7.335845
6.634147
7.174335
7.928891
9.551342
7.187495
8.873640
6.023757
6.947738
8.478122
7.763928
8.515038
7.426191
8.857640
7.750298
6.173685
8.607053
5.517872
9.909982
7.781712
9.692543
5.570251
6.594148
7.188344
9.404264
7.946732
6.254027
9.562817
7.859345
9.465569
7.657045
5.195190
6.099715
9.831380
8.124081
5.651057
7.018874
6.997721
6.674815
8.966613
5.475843
9.438743
7.481651
7.902034
8.296384
5.231948
9.075719
6.903436
5.749821
8.985700
9.685147
5.442364
9.555951
6.279295
7.630708
8.960217
9.226027
8.884735
8.523033
7.085373
8.350305
6.180078
7.280563
9.450020
6.011457
5.404644
5.101077
8.030332
7.402365
6.775892
6.996944
7.878208
6.214635
9.478596
5.780242
9.511019
9.710545
9.855961
6.414454
5.460365
8.841660
6.099602
5.902729
8.397612
7.378897
8.533438
7.357827
6.604924
7.418172
5.880860
8.690297
5.768476
7.060938
5.970860
5.218496
8.072395
6.375504
5.319573
6.102727
8.777868
7.095465
8.099671
6.656077
8.310100
7.578267
7.436319
7.821117
7.288811
7.292280
9.235572
7.749176
6.133940
5.335174
8.651905
9.531551
7.714071
7.185342
6.889379
9.318995
9.603515
7.770239
8.009292
5.371991
9.831177
8.980152
5.590487
7.903572
5.355656
5.910061
9.006299
9.133525
8.005526
7.105970
5.789602
6.315625
9.684237
8.225921
9.136744
6.973048
5.518200
8.372315
9.722224
6.652140
8.707489
8.374129
6.183691
6.421560
5.559472
8.073071
5.740556
5.162987
5.843309
8.749847
5.534978
5.674486
7.730000
6.125467
8.578058
8.085655
7.035528
7.584357
7.219180
5.041054
9.690328
8.008781
6.356679
9.374565
6.234703
5.493422
6.347613
6.752903
8.865737
6.069838
8.405043
7.573227
9.443968
9.588734
8.994787
5.003440
7.661804
9.735342
5.166426
8.505114
8.485189
5.701405
9.179601
6.215189
6.826872
7.757658
9.300844
8.862399
5.342016
6.520024
8.903454
5.032343
9.528807
5.260132
9.406908
5.763509
5.753554
5.754521
7.516412
9.619292
6.824359
5.921454
7.192519
6.268326
5.510188
6.187305
6.271765
8.171993
5.922647
6.438192
6.677107
9.407837
7.139597
5.856707
5.623026
8.966469
8.614365
9.923870
7.828869
8.956381
6.443894
6.732321
8.988725
5.972701
6.992454
8.395633
6.736209
7.746007
9.150153
9.252621
7.365299
5.974512
5.174076
9.557818
7.242837
5.684264
5.745123
8.514604
8.856257
6.667771
9.952795
5.533364
6.075607
7.092392
6.390071
6.698633
6.058862
5.004436
6.622504
8.887730
8.960817
8.066398
5.620051
7.949542
9.039099
7.612504
6.345174
5.775308
5.358512
5.495328
5.027929
7.723812
6.469839
5.202005
7.281630
8.712677
5.886270
8.026752
7.227280
9.742527
9.694524
7.180076
5.275891
5.770131
9.272469
6.665962
7.468765
5.331329
6.670398
9.091269
9.219059
5.631216
7.157667
9.839109
8.580757
6.196765
7.451614
9.925932
6.972074
7.810126
5.421259
7.000003
5.533938
6.891098
7.202008
7.815568
5.603776
8.088279
5.842320
7.831056
7.830806
5.536844
5.011131
8.106697
6.306975
9.283599
9.772659
8.775740
9.614928
6.443058
7.867008
8.833987
7.074273
5.024675
8.673097
5.655031
6.221440
6.124712
5.580962
8.193514
8.934837
6.002221
5.193517
9.468776
7.893320
7.395525
7.284344
8.497095
5.483804
8.126664
6.328151
8.314610
8.663508
6.339282
6.421306
9.970484
5.622880
6.193966
8.746223
5.237809
7.637024
6.613232
9.071796
9.711296
6.637907
7.744894
5.366328
7.859347
8.869605
5.947289
6.052860
7.804442
6.949511
6.246377
7.273219
9.842831
8.641902
9.557563
8.339925
9.125706
7.684227
9.668076
7.440315
6.347736
6.007358
8.861622
6.318219
6.630239
5.055587
5.064443
6.868048
7.692611
6.677674
5.939844
7.403908
8.315580
8.684738
7.770236
6.174927
7.554342
8.717525
7.227787
5.358786
5.667036
8.474164
7.632004
5.509866
7.116066
7.189567
8.849792
6.241772
9.873795
8.517867
8.682087
6.221531
9.525225
7.543708
7.539750
6.155463
7.599296
7.604193
8.023511
5.291906
9.281866
8.963355
7.695814
7.597447
7.648091
5.466050
8.772374
5.202434
9.183575
6.000162
5.561219
9.850611
9.474326
8.193224
5.360476
6.590392
5.382791
9.210267
7.832164
5.256586
7.728134
6.514251
6.478117
7.253358
9.057960
9.017867
8.408822
6.657255
6.622059
6.432332
6.949162
5.903926
5.395687
9.644976
8.501373
8.043777
5.111026
7.273748
8.246212
9.294600
8.273910
8.807431
9.145211
7.748236
7.000655
9.505687
9.338628
7.383446
8.715954
7.170792
7.640032
6.444088
8.685042
9.118148
8.697446
7.743001
8.136015
7.106267
9.400257
9.758075
8.538600
6.349418
5.662002
8.934286
5.994394
9.163375
6.978064
6.105419
6.437123
5.224276
5.400020
9.711033
9.031708
9.545231
7.459268
6.032362
9.050918
6.797895
8.415809
7.766871
8.968686
6.055840
9.210958
7.653728
5.173989
7.908404
5.396730
8.310004
5.014672
9.796987
8.068079
8.553271
6.146405
8.730080
7.487557
7.140799
7.893455
9.465621
8.246218
9.330578
9.689898
8.646238
9.041611
8.721605
8.191469
6.500878
9.753967
7.242386
8.298774
8.169776
5.009257
7.267460
9.225616
9.220216
9.921189
9.399605
7.128620
5.317919
7.709609
7.143291
5.114906
5.777688
5.696563
6.261311
9.507769
8.184119
8.402110
7.401223
7.649741
6.648328
6.731801
7.339639
5.294567
5.773411
6.061244
8.486036
7.274290
5.815211
5.728422
5.573063
8.984987
5.737679
7.840524
8.210604
9.957895
7.761712
7.610209
7.086515
8.079632
5.319818
9.229807
8.194538
6.097506
9.926369
9.455849
5.605274
8.110489
7.857959
8.006497
5.760230
9.506288
9.738297
8.099869
9.800855
5.511709
9.161111
8.286890
7.785998
9.976322
9.015312
8.359062
8.961309
9.752991
6.199585
7.171913
9.710886
8.961298
9.782122
6.797401
7.040930
5.101939
6.027207
5.235467
6.199446
5.953577
9.691317
6.804719
9.064065
7.549276
9.811216
9.824295
7.055564
9.549514
7.924163
6.856418
5.061224
7.085275
5.143309
7.847222
7.061596
9.158621
6.206285
6.022906
8.911612
7.405870
8.194819
8.622499
6.367168
7.976941
5.419900
8.408097
8.078880
6.447108
8.643565
9.278326
7.400684
8.334882
6.083045
6.464749
5.884157
5.894262
6.289044
7.939721
5.443776
9.213207
9.796140
5.505000
6.298482
9.939447
8.352222
8.360079
9.098068
9.558507
9.382984
8.009681
6.964377
7.577804
6.632180
8.331545
5.554745
7.052079
6.739642
8.633625
8.499187
5.383207
7.911952
5.899872
8.718089
8.994997
7.364622
9.602246
9.889258
8.653666
7.541967
5.333035
7.866874
7.338107
5.838036
9.165355
7.277555
9.190258
7.525434
6.375623
8.748765
6.908418
9.385304
5.713142
9.486222
6.017484
9.044686
5.040967
8.069563
5.784329
8.674592
6.568751
6.167536
6.586543
7.468622
9.885625
5.581541
9.833244
9.487871
5.470799
8.486910
7.029839
5.803834
6.353784
9.367945
6.641870
5.519139
6.645500
5.832128
8.044573
8.021124
9.580893
9.952991
7.406428
5.294034
9.439213
8.423911
9.338721
9.480180
6.493474
5.123050
8.154773
8.062225
6.290586
9.741316
5.530848
6.176210
5.322856
5.364091
5.664082
5.793655
8.851002
7.693920
6.597490
5.204785
7.061865
8.239360
5.723925
8.707365
9.071487
8.768497
6.728489
8.652380
8.721489
9.134917
8.946413
8.160702
7.558828
8.285134
7.640882
9.052303
8.408184
5.795653
7.114528
9.698771
5.536969
7.645375
5.874981
5.859826
8.009467
6.539062
6.653481
6.860468
9.232983
8.250971
7.065254
6.294847
6.490331
7.789179
5.002213
5.561818
6.557677
6.730702
9.214197
5.279165
5.865619
8.160611
8.439866
8.424446
6.445745
6.080748
7.476749
9.853930
6.876401
9.591277
9.552699
7.413371
7.236652
5.427680
8.273196
5.246119
6.966743
9.926678
7.106588
6.199725
8.177649
9.171843
7.494573
9.667979
6.961021
7.496785
5.229798
8.518698
9.227488
9.443995
8.797864
5.093106
7.604606
7.237730
8.517553
9.050351
8.318478
5.994303
8.904280
5.194879
5.585580
8.456980
7.608251
7.822232
8.884660
5.881447
8.068352
5.851403
5.808125
5.174940
7.051127
8.985773
9.346783
9.545700
8.653753
6.307805
7.042485
8.883551
9.826503
6.269972
8.327546
8.624366
6.363079
5.932152
5.862095
9.880632
9.982502
9.180573
5.874935
8.886783
9.375453
6.460515
7.343762
6.983703
9.282747
6.228422
7.865149
7.351100
7.079825
8.673273
7.526040
9.130953
7.659047
6.872823
8.676652
6.312799
8.180627
5.719138
5.196350
8.007130
6.989110
8.523895
6.631495
8.352189
9.456048
7.493591
8.232821
9.438551
6.674165
9.107757
8.325333
6.049617
5.568272
5.669095
8.033319
9.851019
6.897517
5.898469
7.202119
8.977342
9.571743
9.728159
8.108294
7.230790
6.600981
6.784947
8.543589
9.781608
7.504084
8.739940
7.788737
9.493195
7.263836
9.420233
7.845384
6.719883
6.913824
6.078205
6.158433
8.587988
5.185961
9.483766
9.637605
5.754232
5.152860
7.670925
5.605252
7.050377
8.569393
7.807371
6.027719
8.141136
7.535530
9.136013
5.371925
9.136511
5.920960
8.915514
8.918119
8.425044
7.655454
6.706857
7.918239
9.919289
6.127090
5.763622
6.639172
8.040913
6.841827
7.797605
6.628900
7.027788
7.281371
6.266504
7.782021
7.434232
8.937429
8.387273
9.484609
7.506823
6.194644
5.512328
5.647959
8.730174
9.648341
6.019883
7.866685
5.569302
9.935397
6.784804
8.994346
7.590851
8.491661
6.912585
7.510140
9.618751
7.676207
9.149312
7.659663
9.518034
6.946917
9.288563
6.545823
9.228288
5.555068
9.327843
6.662519
9.492496
7.715117
6.147128
6.999319
8.909760
6.659456
7.647278
7.639935
6.307798
8.667162
5.506620
6.877099
8.602558
7.291424
5.871446
6.193409
5.783085
7.784030
8.703548
5.401835
5.460238
7.852860
8.061499
9.978271
9.799778
7.350061
6.524095
9.028066
7.905129
5.851937
5.690585
7.397625
8.567055
6.837713
9.396945
7.476815
8.497169
7.044222
5.116749
9.804968
5.711384
5.623369
6.682067
9.313942
7.914793
7.553513
5.507352
8.697878
5.337543
9.210901
9.099713
5.797781
7.063762
7.161212
5.776052
6.863541
9.511272
7.300147
5.891605
7.416401
8.152084
6.582191
9.814028
6.719139
8.419904
9.210972
9.195953
6.917074
6.255195
9.312703
6.722041
6.966579
9.936071
8.404108
6.280521
7.850865
5.957622
6.787873
6.548743
6.295164
5.998774
5.648457
7.092945
8.062536
7.809669
7.868998
9.926077
7.320942
5.169145
5.817682
9.737343
8.321229
7.399873
9.551371
5.040369
5.819778
8.762342
9.236322
7.736852
5.017537
8.549025
9.458893
6.984116
8.485097
7.863001
8.264637
6.335962
8.820621
5.052510
7.884706
5.115786
6.051284
8.533163
7.208731
9.113820
6.342831
5.077729
9.039897
8.663773
5.246873
9.857579
8.401115
8.568104
7.257452
7.952485
8.608471
8.077229
6.714828
7.844794
5.814081
6.732365
6.393819
