23102251291914728392760492032.000000
9.997503
9.996725
9.996320
9.995976
9.995945
9.995566
9.995289
9.993959
9.993697
9.992066
9.991759
9.990547
9.990363
9.990025
9.989870
9.988804
9.987661
9.987571
9.986981
9.985333
9.983641
9.982919
9.982502
9.982397
9.980436
9.979959
9.979355
9.978271
9.976977
9.976624
9.976577
9.976456
9.976322
9.975853
9.975821
9.975519
9.975230
9.974876
9.973966
9.973468
9.973340
9.972029
9.970484
9.970113
9.969622
9.969620
9.969043
9.968035
9.967115
9.967088
9.966926
9.965870
9.965426
9.963559
9.963333
9.963177
9.961880
9.961569
9.961198
9.960776
9.960555
9.960233
9.959595
9.959411
9.957964
9.957895
9.957200
9.957136
9.957065
9.956773
9.956401
9.954873
9.954286
9.953956
9.952991
9.952803
9.952795
9.952566
9.951564
9.950388
9.950102
9.949823
9.949564
9.947585
9.946873
9.946716
9.945952
9.945620
9.945057
9.944629
9.944104
9.943911
9.943279
9.943091
9.942266
9.940727
9.939447
9.938032
9.936747
9.936462
9.936071
9.935802
9.935397
9.935283
9.934708
9.933426
9.933065
9.932896
9.932756
9.932312
9.932126
9.932021
9.931750
9.931322
9.929718
9.929347
9.929214
9.928286
9.928273
9.927293
9.926991
9.926756
9.926678
9.926516
9.926369
9.926291
9.926193
9.926095
9.926077
9.925932
9.925552
9.923870
9.921892
9.921634
9.921495
9.921189
9.920882
9.920662
9.920539
9.919994
9.919790
9.919289
9.918967
9.918195
9.917975
9.917173
9.917015
9.916349
9.915531
9.915248
9.915229
9.914755
9.914059
9.913954
9.913758
9.913567
9.912614
9.911458
9.911411
9.910277
9.909997
9.909982
9.908877
9.908749
9.908688
9.906931
9.906549
9.906370
9.906134
9.905886
9.905235
9.905184
9.904914
9.904504
9.903751
9.903193
9.903079
9.902502
9.902431
9.902165
9.902039
9.901980
9.901815
9.901368
9.900887
9.900829
9.900131
9.899816
9.899794
9.899181
9.899017
9.899011
9.898019
9.897405
9.896993
9.896576
9.895810
9.895583
9.895507
9.894735
9.894568
9.894284
9.893990
9.892996
9.892939
9.892849
9.891174
9.890904
9.890399
9.890336
9.889442
9.889258
9.888745
9.888597
9.887916
9.887592
9.887560
9.886326
9.885625
9.884480
9.884392
9.883390
9.883123
9.882940
9.882817
9.882708
9.880844
9.880632
9.880173
9.879914
9.878264
9.878239
9.878199
9.878163
9.877665
9.876933
9.876812
9.876638
9.876281
9.875772
9.875723
9.875659
9.875375
9.875305
9.874929
9.874449
9.873795
9.873625
9.872330
9.871523
9.871312
9.871277
9.870878
9.870172
9.869809
9.867805
9.867783
9.867358
9.866964
9.866784
9.863501
9.862806
9.860386
9.859401
9.858753
9.857579
9.857455
9.857406
9.856540
9.855961
9.854847
9.854221
9.853930
9.852226
9.851945
9.851019
9.850906
9.850611
9.850080
9.850039
9.849029
9.848919
9.847739
9.847480
9.847413
9.847085
9.845072
9.843677
9.843631
9.842831
9.842779
9.841985
9.841446
9.841312
9.840560
9.839889
9.839340
9.839121
9.839109
9.839026
9.837641
9.836805
9.836770
9.835996
9.835804
9.835244
9.835194
9.834851
9.834729
9.833685
9.833244
9.833176
9.833043
9.831970
9.831749
9.831623
9.831380
9.831177
9.830914
9.829420
9.829206
9.828794
9.828742
9.827642
9.827300
9.826503
9.826462
9.826388
9.826351
9.826256
9.825106
9.825011
9.824866
9.824492
9.824295
9.823903
9.823753
9.823581
9.823484
9.823302
9.823059
9.821590
9.821176
9.821152
9.820854
9.820730
9.820444
9.820326
9.819787
9.819190
9.818259
9.817850
9.817357
9.817184
9.816331
9.815312
9.815065
9.814950
9.814028
9.813890
9.813445
9.811969
9.811778
9.811659
9.811216
9.811213
9.811131
9.809565
9.808475
9.808451
9.807898
9.807589
9.807522
9.807223
9.806802
9.806665
9.806625
9.806561
9.805552
9.805375
9.804968
9.804669
9.804101
9.804071
9.803638
9.803449
9.803347
9.802005
9.801430
9.800855
9.800349
9.799778
9.799423
9.799179
9.798833
9.798526
9.798159
9.797659
9.797541
9.797077
9.796987
9.796289
9.796140
9.795808
9.795176
9.794949
9.793210
9.791894
9.791227
9.791188
9.791185
9.790785
9.790324
9.789864
9.788622
9.788366
9.787365
9.786585
9.786112
9.785868
9.785486
9.785319
9.783983
9.783894
9.782957
9.782897
9.782882
9.782868
9.782592
9.782561
9.782382
9.782122
9.782043
9.781608
9.780716
9.779942
9.779940
9.779912
9.778925
9.778876
9.777739
9.777037
9.776921
9.776548
9.776266
9.775972
9.775871
9.775339
9.774140
9.773731
9.773500
9.772801
9.772659
9.772492
9.772409
9.771976
9.771887
9.771033
9.769458
9.769324
9.769183
9.768923
9.768559
9.767838
9.767817
9.766684
9.766363
9.765289
9.765108
9.764977
9.764969
9.764419
9.764221
9.763904
9.763074
9.763056
9.762866
9.762348
9.761988
9.761934
9.761857
9.761187
9.760244
9.760189
9.760161
9.759913
9.759315
9.758075
9.757969
9.757637
9.757337
9.757186
9.755735
9.755139
9.754800
9.753967
9.752991
9.752437
9.752348
9.752028
9.751625
9.751128
9.750835
9.750601
9.750158
9.749779
9.749580
9.749491
9.749412
9.748477
9.747947
9.747732
9.747634
9.747613
9.747084
9.746935
9.744662
9.744265
9.744248
9.744041
9.743736
9.743365
9.743153
9.742885
9.742527
9.741600
9.741316
9.740477
9.738297
9.737608
9.737343
9.735370
9.735342
9.733545
9.732951
9.731797
9.731054
9.730302
9.729996
9.728769
9.728230
9.728159
9.728013
9.727993
9.726926
9.726886
9.726705
9.726666
9.726180
9.725811
9.724096
9.723512
9.723375
9.723332
9.722826
9.722485
9.722224
9.721402
9.721350
9.720816
9.719711
9.718581
9.717511
9.717397
9.714043
9.712555
9.712185
9.711834
9.711296
9.711033
9.710886
9.710685
9.710545
9.709334
9.709152
9.708445
9.707701
9.707517
9.707342
9.706663
9.706438
9.704182
9.703981
9.703131
9.702949
9.702271
9.701682
9.701622
9.700976
9.700166
9.699398
9.698972
9.698771
9.698592
9.698201
9.697815
9.697810
9.697474
9.697145
9.696939
9.694777
9.694524
9.694093
9.693587
9.693266
9.693104
9.692543
9.692286
9.691498
9.691317
9.691115
9.690328
9.690121
9.689898
9.686090
9.685770
9.685406
9.685147
9.684643
9.684237
9.683867
9.683554
9.683105
9.682806
9.681929
9.681843
9.680442
9.677630
9.676662
9.676476
9.676299
9.675516
9.675323
9.674967
9.674502
9.674062
9.673588
9.673562
9.673145
9.672597
9.671633
9.670906
9.670477
9.668737
9.668362
9.668257
9.668076
9.667979
9.667604
9.667416
9.666687
9.666245
9.665987
9.665465
9.664574
9.664344
9.664186
9.662861
9.662852
9.662821
9.661162
9.660018
9.658662
9.658182
9.657985
9.655963
9.654990
9.654776
9.653151
9.652494
9.651787
9.651757
9.651751
9.651135
9.648557
9.648341
9.648220
9.647598
9.646935
9.645978
9.645158
9.644976
9.644795
9.644695
9.643787
9.643342
9.640671
9.639990
9.639609
9.637777
9.637605
9.635974
9.635012
9.634607
9.633530
9.633283
9.632843
9.632644
9.632378
9.629585
9.628287
9.627823
9.626467
9.626236
9.625689
9.625610
9.625248
9.624907
9.624731
9.623705
9.623665
9.623632
9.622985
9.621297
9.620765
9.619292
9.618751
9.617227
9.617200
9.616232
9.615423
9.614928
9.614603
9.613799
9.613737
9.613503
9.613205
9.612189
9.609122
9.608357
9.608203
9.607246
9.606924
9.606585
9.605234
9.605174
9.605124
9.604481
9.603870
9.603749
9.603515
9.603503
9.603336
9.603267
9.602875
9.602755
9.602246
9.602207
9.602100
9.601292
9.601216
9.600724
9.600411
9.599619
9.599093
9.598442
9.598340
9.596715
9.595892
9.595796
9.594849
9.593864
9.592643
9.592331
9.591752
9.591277
9.590773
9.590745
9.590136
9.589203
9.588949
9.588734
9.588331
9.587776
9.587705
9.587484
9.587214
9.586934
9.586681
9.586200
9.585173
9.584272
9.584261
9.582347
9.581457
9.581336
9.580893
9.580071
9.579364
9.577977
9.577342
9.577244
9.575815
9.575356
9.574910
9.574315
9.574167
9.574069
9.573632
9.573494
9.573232
9.572916
9.572622
9.572362
9.571743
9.571157
9.571127
9.570745
9.569606
9.568824
9.567357
9.567007
9.563141
9.562988
9.562946
9.562817
9.561654
9.561197
9.560924
9.560166
9.559608
9.558797
9.558507
9.557818
9.557563
9.557335
9.557215
9.555951
9.555744
9.552699
9.552693
9.552522
9.551371
9.551342
9.550315
9.550115
9.549514
9.549487
9.549330
9.548742
9.548449
9.548074
9.547744
9.547503
9.547220
9.546281
9.546278
9.545964
9.545700
9.545407
9.545231
9.544901
9.544513
9.544367
9.544317
9.544145
9.543941
9.543309
9.542526
9.542012
9.541875
9.541491
9.540903
9.540447
9.540382
9.539448
9.538083
9.536859
9.536442
9.536090
9.535387
9.534883
9.534277
9.533907
9.533531
9.533295
9.532294
9.531754
9.531551
9.531431
9.531358
9.530879
9.530341
9.530162
9.530087
9.530014
9.529974
9.528975
9.528807
9.528413
9.527779
9.527723
9.526177
9.525825
9.525677
9.525457
9.525225
9.525049
9.524782
9.522552
9.522049
9.521964
9.521910
9.520014
9.518377
9.518034
9.518009
9.516839
9.516781
9.516365
9.516082
9.516022
9.514919
9.513972
9.513638
9.512200
9.512096
9.511434
9.511272
9.511019
9.510534
9.510008
9.509696
9.509508
9.509184
9.509016
9.508765
9.507978
9.507769
9.507399
9.507311
9.507142
9.507099
9.506288
9.506222
9.505807
9.505687
9.505560
9.505180
9.504121
9.503894
9.503785
9.502841
9.502037
9.501642
9.501182
9.500171
9.500117
9.499777
9.499043
9.498770
9.498626
9.498366
9.496586
9.495839
9.495739
9.495687
9.494590
9.494233
9.494138
9.494134
9.493710
9.493245
9.493195
9.492876
9.492551
9.492496
9.492031
9.491962
9.491563
9.490787
9.490490
9.490433
9.490025
9.489616
9.489442
9.488901
9.488857
9.488837
9.488140
9.487871
9.487476
9.487457
9.486222
9.486220
9.485556
9.485325
9.485250
9.484609
9.483766
9.482802
9.481681
9.480180
9.479666
9.479015
9.478596
9.477938
9.477385
9.476897
9.476578
9.476246
9.475896
9.475809
9.475009
9.474793
9.474613
9.474485
9.474409
9.474364
9.474326
9.473437
9.473198
9.472617
9.471622
9.471325
9.471266
9.470700
9.470206
9.469767
9.469165
9.468776
9.468666
9.468058
9.467944
9.467445
9.466626
9.466170
9.466051
9.465896
9.465829
9.465693
9.465621
9.465569
9.465010
9.464939
9.462947
9.462861
9.462501
9.462345
9.461421
9.461044
9.459888
9.459532
9.458899
9.458893
9.458868
9.456236
9.456048
9.455849
9.454367
9.453740
9.452992
9.452758
9.451984
9.451629
9.451037
9.450778
9.450549
9.450397
9.450216
9.450069
9.450020
9.449230
9.448997
9.448939
9.448687
9.447981
9.446280
9.445697
9.444625
9.444044
9.443995
9.443968
9.443358
9.443236
9.443061
9.443050
9.442983
9.441642
9.441353
9.441201
9.441180
9.440297
9.439213
9.438743
9.438739
9.438687
9.438551
9.436050
9.435186
9.433584
9.433446
9.433269
9.432127
9.432055
9.432051
9.431978
9.431830
9.430553
9.430266
9.430026
9.429780
9.429747
9.429401
9.428942
9.428337
9.427034
9.426910
9.426486
9.425247
9.424410
9.423582
9.422919
9.422405
9.422373
9.422178
9.421254
9.421243
9.420233
9.418527
9.415527
9.415445
9.415110
9.414600
9.414181
9.413979
9.411725
9.411448
9.410752
9.410272
9.410097
9.409466
9.407837
9.407524
9.406908
9.406814
9.406748
9.406507
9.406348
9.406232
9.404930
9.404682
9.404522
9.404264
9.404133
9.403380
9.401452
9.400906
9.400257
9.399684
9.399605
9.398754
9.398630
9.396945
9.396723
9.395858
9.394561
9.394125
9.393202
9.393140
9.393136
9.393076
9.392972
9.391495
9.390912
9.389468
9.389359
9.389297
9.388992
9.388408
9.387739
9.387413
9.387402
9.387361
9.387087
9.386599
9.386424
9.385728
9.385304
9.384867
9.383484
9.383258
9.382984
9.381874
9.381826
9.381021
9.379797
9.379430
9.377588
9.376753
9.376263
9.376019
9.375453
9.375431
9.374565
9.373761
9.373698
9.372352
9.370596
9.369770
9.369465
9.369349
9.368752
9.368391
9.368198
9.367945
9.365765
9.365526
9.365038
9.363708
9.362473
9.360592
9.360430
9.360328
9.359581
9.359518
9.358643
9.358257
9.358253
9.357952
9.355922
9.355484
9.355129
9.354925
9.354918
9.354907
9.353541
9.353510
9.351793
9.351227
9.349065
9.348107
9.348042
9.347918
9.346783
9.345845
9.345707
9.345698
9.345577
9.345505
9.344653
9.343915
9.343598
9.343589
9.343117
9.342976
9.342662
9.342450
9.341979
9.341901
9.341532
9.341093
9.340955
9.340292
9.339916
9.339769
9.339131
9.338721
9.338628
9.338466
9.338414
9.338349
9.336978
9.336535
9.335873
9.335869
9.335846
9.335735
9.335526
9.335255
9.335007
9.334114
9.333723
9.332737
9.331707
9.330709
9.330578
9.330387
9.330377
9.329145
9.328884
9.328815
9.328652
9.328021
9.327843
9.327229
9.327183
9.326453
9.325207
9.325017
9.323815
9.323635
9.322725
9.322277
9.322165
9.321269
9.319808
9.319719
9.319220
9.318995
9.318856
9.318305
9.316729
9.316160
9.315048
9.314601
9.313942
9.313091
9.312703
9.310802
9.310760
9.310678
9.310101
9.309338
9.309207
9.309103
9.308101
9.306613
9.305562
9.305254
9.303390
9.303088
9.302448
9.302158
9.301821
9.301502
9.301243
9.300844
9.300748
9.300689
9.298869
9.298845
9.298142
9.296512
9.296043
9.295217
9.294600
9.292481
9.291231
9.290965
9.290625
9.290496
9.290124
9.289462
9.289373
9.289263
9.289072
9.288563
9.288029
9.286424
9.285666
9.285168
9.284736
9.284647
9.284550
9.283824
9.283599
9.282747
9.282741
9.282413
9.282099
9.281968
9.281866
9.281201
9.280671
9.279098
9.278703
9.278521
9.278326
9.276745
9.276518
9.276009
9.275466
9.275169
9.274822
9.274811
9.274555
9.274244
9.274071
9.272565
9.272469
9.271057
9.270922
9.270744
9.269022
9.268569
9.267941
9.267689
9.267567
9.267434
9.266858
9.265373
9.265262
9.265228
9.263707
9.263498
9.263075
9.262854
9.262732
9.262725
9.262409
9.260960
9.260873
9.260755
9.260681
9.259869
9.259128
9.259044
9.258843
9.258440
9.257247
9.257017
9.254362
9.253845
9.252740
9.252621
9.252478
9.252417
9.252195
9.251881
9.251603
9.249171
9.247940
9.247900
9.246831
9.246576
9.245871
9.245852
9.244682
9.244376
9.244092
9.243773
9.243670
9.243478
9.242748
9.242661
9.242632
9.241942
9.241621
9.241096
9.241055
9.239803
9.239530
9.239474
9.239453
9.238461
9.237505
9.237119
9.237001
9.236835
9.236654
9.236322
9.235572
9.235259
9.235243
9.235126
9.234553
9.234425
9.234332
9.233971
9.233946
9.233870
9.232983
9.232812
9.232396
9.231789
9.231771
9.231506
9.231491
9.231428
9.231001
9.230986
9.230086
9.229807
9.229795
9.229778
9.229753
9.229548
9.228581
9.228288
9.227715
9.227488
9.226862
9.226846
9.226762
9.226027
9.225616
9.223786
9.223530
9.223393
9.222777
9.221857
9.221310
9.220782
9.220534
9.220216
9.219059
9.218372
9.218358
9.217421
9.216490
9.215940
9.215686
9.214476
9.214447
9.214197
9.213315
9.213207
9.212788
9.212523
9.210972
9.210958
9.210901
9.210267
9.209742
9.209145
9.209034
9.208590
9.208119
9.207482
9.207347
9.207149
9.206873
9.206243
9.206215
9.206010
9.205999
9.205744
9.205391
9.205065
9.204891
9.204827
9.204737
9.203684
9.203450
9.203137
9.203002
9.202556
9.200735
9.200260
9.199324
9.199039
9.196926
9.196827
9.196465
9.196434
9.195953
9.194509
9.194252
9.193375
9.193021
9.192782
9.192251
9.190264
9.190258
9.188713
9.188705
9.188064
9.186079
9.186048
9.184982
9.184546
9.184109
9.183978
9.183755
9.183575
9.182573
9.182376
9.182166
9.182123
9.181353
9.181065
9.180799
9.180635
9.180573
9.180141
9.179601
9.178829
9.178271
9.177684
9.176488
9.175756
9.175299
9.174671
9.174660
9.173821
9.173624
9.173527
9.172448
9.172428
9.171843
9.170572
9.170541
9.170435
9.170346
9.169804
9.169173
9.168035
9.167760
9.167358
9.166824
9.166474
9.166408
9.166197
9.165386
9.165355
9.165215
9.165042
9.164983
9.164879
9.164809
9.164532
9.164462
9.164172
9.163855
9.163798
9.163705
9.163375
9.163033
9.162930
9.161311
9.161111
9.160853
9.160717
9.160653
9.160039
9.159923
9.159658
9.159269
9.158621
9.158308
9.158115
9.157634
9.157513
9.155773
9.155190
9.154242
9.153757
9.152843
9.152694
9.152268
9.152191
9.151440
9.150153
9.149845
9.149423
9.149312
9.148010
9.146837
9.146653
9.146292
9.146179
9.145860
9.145634
9.145211
9.144527
9.144425
9.144277
9.143797
9.143759
9.143456
9.143043
9.141662
9.139762
9.139132
9.138273
9.137819
9.137746
9.137460
9.137370
9.136744
9.136511
9.136013
9.135786
9.135384
9.135341
9.135143
9.134917
9.134327
9.133844
9.133745
9.133525
9.133094
9.131819
9.130953
9.130705
9.130428
9.130388
9.128805
9.128026
9.127991
9.127649
9.127081
9.126703
9.126100
9.125749
9.125706
9.125582
9.125305
9.125243
9.124537
9.123374
9.123061
9.121778
9.121269
9.121260
9.119781
9.119703
9.119596
9.119060
9.118148
9.117600
9.117086
9.116412
9.116285
9.115796
9.115510
9.114732
9.113913
9.113820
9.113702
9.112844
9.112200
9.111857
9.110861
9.109674
9.109448
9.109070
9.107759
9.107757
9.107738
9.107181
9.105758
9.104584
9.104170
9.103996
9.103757
9.103614
9.103601
9.103480
9.103416
9.103378
9.103236
9.103118
9.102068
9.102066
9.100571
9.099713
9.099469
9.098068
9.097940
9.097555
9.097510
9.097309
9.096411
9.095570
9.095401
9.094809
9.094158
9.093094
9.092194
9.091511
9.091376
9.091269
9.090826
9.090264
9.089670
9.087149
9.087107
9.086458
9.086238
9.085787
9.083648
9.082490
9.081684
9.081579
9.081498
9.081021
9.080949
9.080716
9.080459
9.080107
9.079335
9.078592
9.077722
9.077462
9.077410
9.077332
9.076976
9.076374
9.076243
9.075719
9.075457
9.074085
9.073236
9.073168
9.073137
9.072855
9.072780
9.072292
9.071796
9.071487
9.071259
9.071122
9.069532
9.069237
9.068400
9.068268
9.068165
9.067098
9.066378
9.066353
9.066144
9.065682
9.065410
9.065064
9.064851
9.064344
9.064065
9.063901
9.063686
9.062134
9.062134
9.060631
9.060522
9.060104
9.059005
9.058518
9.057960
9.057657
9.056940
9.056633
9.055814
9.055531
9.052839
9.052487
9.052385
9.052303
9.051773
9.050960
9.050918
9.050901
9.050470
9.050387
9.050351
9.050188
9.049405
9.049126
9.048668
9.048611
9.048237
9.047400
9.047049
9.046366
9.046175
9.045649
9.044686
9.044154
9.043121
9.042217
9.041611
9.040268
9.039897
9.039254
9.039099
9.037701
9.037487
9.036631
9.036469
9.035363
9.035355
9.034503
9.034307
9.034054
9.033733
9.033230
9.032104
9.031708
9.031630
9.030823
9.030347
9.029239
9.028067
9.028066
9.028043
9.027058
9.026881
9.026506
9.026134
9.026024
9.025408
9.025355
9.023375
9.022603
9.021399
9.021082
9.020644
9.019974
9.019587
9.019007
9.018877
9.018770
9.018127
9.017867
9.017588
9.017530
9.017525
9.017460
9.017386
9.017119
9.017074
9.015343
9.015312
9.014894
9.014340
9.013852
9.013779
9.012609
9.012522
9.012350
9.012332
9.011832
9.011332
9.009569
9.009325
9.009045
9.008393
9.007648
9.007620
9.007601
9.007316
9.006863
9.006299
9.004603
9.004261
9.004249
9.003184
9.002888
9.002721
9.002534
9.000778
9.000506
8.999847
8.999356
8.998800
8.997812
8.997311
8.996429
8.995566
8.994997
8.994787
8.994346
8.993646
8.993268
8.992539
8.991512
8.989697
8.989597
8.988733
8.988725
8.988184
8.987933
8.987803
8.987631
8.985794
8.985773
8.985700
8.985373
8.985282
8.985177
8.984987
8.984745
8.984333
8.983076
8.983036
8.982377
8.981470
8.981272
8.980858
8.980636
8.980495
8.980364
8.980152
8.980081
8.979641
8.979626
8.977927
8.977876
8.977485
8.977342
8.977314
8.977205
8.976957
8.976417
8.975228
8.974982
8.974731
8.974568
8.974341
8.973614
8.972891
8.972734
8.972721
8.972569
8.972425
8.968705
8.968686
8.967241
8.967230
8.966613
8.966469
8.964377
8.963355
8.962213
8.961733
8.961345
8.961309
8.961298
8.960817
8.960299
8.960217
8.958795
8.958633
8.958141
8.957677
8.956851
8.956745
8.956719
8.956652
8.956381
8.955403
8.955277
8.954927
8.954462
8.954039
8.952765
8.952751
8.952637
8.952045
8.951595
8.951576
8.951410
8.951395
8.951370
8.950714
8.950652
8.950434
8.950096
8.949586
8.949432
8.948070
8.947092
8.947079
8.946978
8.946661
8.946413
8.945515
8.945438
8.945199
8.944927
8.944598
8.943892
8.943768
8.943329
8.943153
8.942783
8.942152
8.941944
8.941620
8.941484
8.941251
8.940578
8.940301
8.939427
8.938791
8.937899
8.937447
8.937429
8.937289
8.936872
8.935265
8.934837
8.934669
8.934286
8.933726
8.933718
8.933154
8.932922
8.932827
8.932590
8.931805
8.931372
8.930756
8.930424
8.929156
8.929138
8.928548
8.926717
8.926607
8.926363
8.925767
8.925692
8.924656
8.924410
8.922665
8.921057
8.920907
8.919807
8.919371
8.919226
8.918570
8.918119
8.917274
8.917159
8.915659
8.915549
8.915514
8.912693
8.912596
8.912353
8.911925
8.911666
8.911612
8.910328
8.909845
8.909760
8.909680
8.909578
8.908880
8.908552
8.908534
8.906795
8.906748
8.906680
8.906379
8.906044
8.904885
8.904280
8.903454
8.902584
8.901606
8.900985
8.900320
8.899902
8.898381
8.897488
8.895835
8.894063
8.893736
8.892114
8.891512
8.891488
8.891096
8.890409
8.890322
8.890073
8.889008
8.888470
8.887730
8.886828
8.886783
8.886259
8.886109
8.885890
8.885762
8.884735
8.884660
8.884506
8.884384
8.883551
8.883495
8.881544
8.881031
8.880773
8.880236
8.880216
8.880035
8.879228
8.878824
8.878531
8.878297
8.878268
8.878244
8.877445
8.875512
8.874763
8.874418
8.874148
8.873753
8.873640
8.873388
8.873188
8.872447
8.872383
8.871542
8.870874
8.870773
8.870536
8.869885
8.869605
8.869110
8.868951
8.867093
8.867075
8.866817
8.866773
8.866039
8.865737
8.865707
8.865418
8.864884
8.864005
8.863930
8.863202
8.862399
8.861668
8.861622
8.861021
8.860704
8.860460
8.860434
8.858848
8.857752
8.857640
8.856927
8.856698
8.856372
8.856257
8.856244
8.856006
8.855828
8.853904
8.853781
8.852602
8.852585
8.851647
8.851002
8.850966
8.850869
8.850468
8.850458
8.850060
8.849804
8.849792
8.848845
8.848806
8.848790
8.847311
8.847052
8.846771
8.846265
8.845903
8.845516
8.845160
8.844791
8.843345
8.843265
8.843089
8.842786
8.842031
8.841867
8.841665
8.841660
8.840972
8.840389
8.838928
8.838802
8.837717
8.836881
8.835431
8.834599
8.834507
8.834436
8.834013
8.833987
8.833860
8.832107
8.831944
8.831133
8.830771
8.830260
8.830034
8.829792
8.829205
8.828629
8.828627
8.827793
8.826708
8.826618
8.826411
8.826380
8.826288
8.825754
8.825228
8.824789
8.823825
8.823701
8.823454
8.822914
8.822498
8.822496
8.820621
8.820367
8.819512
8.819188
8.818486
8.816936
8.816925
8.816634
8.816586
8.816374
8.814031
8.813300
8.812454
8.812436
8.811947
8.810990
8.810611
8.809117
8.808519
8.808045
8.807477
8.807431
8.805327
8.804888
8.804546
8.804539
8.804205
8.803864
8.803797
8.802123
8.802055
8.801783
8.800928
8.800754
8.799702
8.799614
8.799161
8.798269
8.797864
8.797758
8.797413
8.796245
8.795708
8.795370
8.795032
8.794984
8.794818
8.794093
8.794050
8.792809
8.792281
8.791401
8.790632
8.790480
8.789824
8.786725
8.786642
8.785806
8.785081
8.784956
8.784014
8.783520
8.782843
8.781960
8.781085
8.779758
8.779522
8.778440
8.777948
8.777868
8.777257
8.775740
8.775425
8.775144
8.774693
8.773991
8.772947
8.772374
8.771783
8.771636
8.770080
8.769459
8.769390
8.768793
8.768497
8.766937
8.764621
8.763751
8.763569
8.762342
8.761577
8.761389
8.761246
8.761110
8.760975
8.759851
8.759735
8.758640
8.758502
8.758109
8.758026
8.757847
8.755447
8.755348
8.755314
8.755087
8.753887
8.753654
8.751514
8.751496
8.750974
8.750299
8.750111
8.749893
8.749847
8.749785
8.749581
8.749477
8.749163
8.749114
8.748765
8.748655
8.747493
8.747375
8.747114
8.746223
8.746033
8.746023
8.744962
8.744543
8.743745
8.743535
8.743020
8.742818
8.742786
8.741758
8.741460
8.741119
8.740123
8.740101
8.739940
8.736297
8.735840
8.735698
8.735601
8.735559
8.734818
8.734543
8.734202
8.734060
8.732282
8.731109
8.730525
8.730174
8.730080
8.728502
8.728001
8.727177
8.726503
8.726343
8.726250
8.725314
8.724686
8.724380
8.723374
8.722502
8.721605
8.721489
8.719234
8.718544
8.718089
8.718084
8.717932
8.717525
8.717390
8.716490
8.716431
8.716379
8.715954
8.715647
8.715090
8.715056
8.714987
8.714809
8.714540
8.713581
8.713399
8.712677
8.712663
8.712081
8.711912
8.711594
8.710910
8.710783
8.710642
8.710418
8.709741
8.709652
8.707888
8.707489
8.707365
8.707276
8.706125
8.705478
8.705372
8.705096
8.703656
8.703548
8.699558
8.697878
8.697446
8.697189
8.696012
8.695641
8.695505
8.695375
8.694941
8.694870
8.694014
8.693782
8.693024
8.692161
8.692082
8.691748
8.690598
8.690297
8.689729
8.688437
8.688352
8.688139
8.687873
8.686655
8.685627
8.685379
8.685255
8.685053
8.685042
8.684749
8.684738
8.684736
8.684107
8.684044
8.683967
8.683769
8.683537
8.683219
8.682777
8.682337
8.682087
8.681715
8.681520
8.680765
8.680470
8.680420
8.679352
8.679337
8.678570
8.678428
8.677245
8.676652
8.676219
8.675227
8.674973
8.674621
8.674592
8.674313
8.673273
8.673256
8.673097
8.672971
8.671807
8.671664
8.671650
8.671396
8.671261
8.671038
8.669243
8.667229
8.667162
8.667011
8.666788
8.665805
8.665420
8.665325
8.665249
8.664742
8.663815
8.663773
8.663595
8.663508
8.662550
8.662384
8.662200
8.661967
8.661922
8.661566
8.661517
8.661446
8.660773
8.660336
8.660325
8.660108
8.659731
8.659219
8.658104
8.657894
8.657318
8.656182
8.655951
8.655700
8.655165
8.655025
8.654947
8.653862
8.653753
8.653666
8.653080
8.653070
8.652659
8.652380
8.651905
8.651820
8.650011
8.649722
8.649545
8.648223
8.647498
8.646937
8.646678
8.646584
8.646238
8.645811
8.645325
8.644694
8.644592
8.644370
8.643742
8.643565
8.643358
8.643356
8.642405
8.642343
8.641962
8.641902
8.641667
8.641521
8.640587
8.640547
8.639544
8.638828
8.638699
8.638538
8.637611
8.636857
8.636059
8.634978
8.634277
8.633625
8.633330
8.633155
8.632893
8.632460
8.631764
8.631304
8.631249
8.631153
8.631094
8.630621
8.630106
8.629152
8.629095
8.628431
8.628340
8.627638
8.626215
8.626009
8.625632
8.625435
8.624636
8.624610
8.624366
8.624173
8.623256
8.622499
8.622293
8.622055
8.621632
8.620691
8.620502
8.620392
8.620388
8.618574
8.617939
8.617765
8.616984
8.616639
8.616592
8.616249
8.616214
8.616198
8.615817
8.615288
8.614537
8.614365
8.613924
8.612600
8.612383
8.611837
8.611475
8.609391
8.608979
8.608944
8.608636
8.608471
8.608299
8.607053
8.607048
8.605046
8.604474
8.604347
8.604297
8.603965
8.603606
8.603164
8.603003
8.602558
8.601234
8.600634
8.600087
8.599306
8.598601
8.598036
8.597601
8.597467
8.597134
8.596236
8.595306
8.594868
8.594659
8.594189
8.593595
8.593401
8.590147
8.590133
8.589612
8.589259
8.589197
8.588749
8.588640
8.587988
8.587368
8.586308
8.585938
8.584343
8.584105
8.583703
8.582875
8.581818
8.581486
8.581453
8.581102
8.580757
8.580515
8.580368
8.580231
8.580139
8.580132
8.580092
8.579077
8.578058
8.577886
8.577657
8.576920
8.576192
8.575586
8.574631
8.573548
8.573279
8.571836
8.571637
8.571607
8.571359
8.571152
8.570854
8.570793
8.570045
8.569571
8.569393
8.569319
8.569167
8.568104
8.567167
8.567055
8.566684
8.565983
8.565943
8.565845
8.565252
8.564531
8.564329
8.564037
8.562571
8.562288
8.561777
8.561691
8.560982
8.560368
8.560102
8.560029
8.559752
8.557413
8.557329
8.557276
8.557254
8.556913
8.556812
8.555326
8.555221
8.554353
8.554131
8.553940
8.553332
8.553271
8.552733
8.552669
8.552442
8.552151
8.551196
8.549798
8.549449
8.549261
8.549025
8.548917
8.547272
8.546688
8.546678
8.546537
8.546134
8.545521
8.545269
8.545131
8.544780
8.544447
8.544226
8.543988
8.543589
8.541733
8.541388
8.541332
8.541259
8.540571
8.540499
8.540358
8.540030
8.539085
8.538824
8.538600
8.538239
8.538128
8.537654
8.537110
8.537059
8.535642
8.534044
8.533910
8.533755
8.533752
8.533629
8.533438
8.533163
8.533088
8.532973
8.532315
8.531950
8.530674
8.530438
8.530247
8.530039
8.529639
8.529452
8.529419
8.529009
8.528975
8.528967
8.528757
8.526527
8.526348
8.526255
8.525916
8.525780
8.525681
8.525481
8.524499
8.523895
8.523146
8.523033
8.522613
8.521778
8.521642
8.521443
8.520946
8.520294
8.520019
8.519825
8.518698
8.518627
8.518116
8.517867
8.517553
8.517410
8.517242
8.517078
8.516711
8.516529
8.516171
8.515338
8.515038
8.514692
8.514604
8.514194
8.513285
8.513185
8.511852
8.511297
8.510641
8.509878
8.508615
8.508162
8.507976
8.507302
8.506579
8.505896
8.505114
8.504768
8.504178
8.503220
8.502595
8.501459
8.501373
8.501366
8.501366
8.500890
8.500612
8.500279
8.499719
8.499499
8.499187
8.499169
8.497169
8.497095
8.496924
8.496517
8.495774
8.495465
8.495399
8.495252
8.495192
8.494966
8.494943
8.494935
8.493403
8.492968
8.492937
8.492682
8.491699
8.491661
8.491381
8.490553
8.490059
8.489965
8.489439
8.489094
8.488940
8.488913
8.488344
8.487951
8.487729
8.487578
8.487284
8.486910
8.486181
8.486036
8.485676
8.485201
8.485189
8.485097
8.484053
8.483856
8.483410
8.482937
8.481885
8.481575
8.481574
8.480979
8.480734
8.480015
8.479775
8.479505
8.479055
8.478122
8.476926
8.476707
8.476628
8.476185
8.475179
8.475031
8.474523
8.474164
8.473694
8.472542
8.471798
8.471192
8.470938
8.470563
8.470379
8.470230
8.470228
8.470076
8.468760
8.467828
8.467100
8.467009
8.466846
8.466520
8.464724
8.464645
8.464170
8.463555
8.462947
8.462351
8.462024
8.461067
8.460341
8.460170
8.459936
8.459779
8.459659
8.459007
8.458612
8.457947
8.457866
8.457663
8.457115
8.456980
8.456816
8.456688
8.455960
8.455252
8.455196
8.454638
8.454103
8.453741
8.451943
8.451897
8.451055
8.449987
8.449916
8.449688
8.449514
8.449379
8.448310
8.448000
8.447980
8.447901
8.447834
8.447661
8.447547
8.446692
8.446275
8.445685
8.445522
8.445369
8.445117
8.444805
8.443989
8.443170
8.443110
8.442709
8.442614
8.441954
8.441372
8.439866
8.439823
8.439658
8.438871
8.438102
8.437571
8.437004
8.435106
8.434034
8.433276
8.431589
8.430639
8.430034
8.429575
8.429096
8.429011
8.428196
8.427981
8.427012
8.426839
8.425686
8.425558
8.425044
8.424446
8.423911
8.423547
8.422605
8.422421
8.421654
8.419904
8.419651
8.418221
8.418181
8.417089
8.415809
8.413966
8.413484
8.413182
8.412780
8.412697
8.412166
8.410002
8.409870
8.409523
8.409413
8.408965
8.408922
8.408822
8.408184
8.408154
8.408097
8.407916
8.407899
8.407849
8.407632
8.407397
8.406548
8.406270
8.405634
8.405043
8.404675
8.404578
8.404108
8.403269
8.402680
8.402110
8.401770
8.401115
8.400917
8.400509
8.400444
8.399742
8.398908
8.398809
8.398544
8.398235
8.398203
8.397928
8.397612
8.397445
8.396708
8.395724
8.395633
8.395520
8.395496
8.395163
8.394939
8.393854
8.392923
8.392907
8.392643
8.391541
8.391341
8.390942
8.389357
8.389277
8.388902
8.388386
8.388027
8.387417
8.387273
8.386381
8.385572
8.385427
8.384370
8.384073
8.384019
8.383869
8.383432
8.383101
8.382036
8.381638
8.381588
8.381226
8.381175
8.379930
8.379913
8.379032
8.378532
8.378072
8.376993
8.376852
8.376447
8.376076
8.374996
8.374129
8.373248
8.372374
8.372315
8.371773
8.371721
8.371424
8.371219
8.371085
8.371066
8.370005
8.369969
8.369803
8.369656
8.369569
8.369494
8.368553
8.367246
8.365405
8.365177
8.364829
8.364307
8.363915
8.363663
8.363527
8.362949
8.362858
8.362724
8.361602
8.360668
8.360079
8.359890
8.359574
8.359062
8.358540
8.358225
8.357389
8.354033
8.353768
8.352481
8.352222
8.352189
8.351936
8.351925
8.350305
8.349467
8.349366
8.348927
8.348294
8.346752
8.346414
8.346062
8.344771
8.344291
8.343345
8.341923
8.341090
8.340349
8.339925
8.339638
8.339001
8.338551
8.338271
8.338244
8.337662
8.337227
8.336473
8.335980
8.335758
8.334882
8.334771
8.334343
8.334097
8.333961
8.333548
8.333447
8.333182
8.333088
8.332534
8.331667
8.331545
8.330831
8.330014
8.329183
8.328617
8.328581
8.327822
8.327546
8.327008
8.325633
8.325514
8.325434
8.325333
8.325290
8.323897
8.323537
8.323307
8.322491
8.322313
8.321362
8.321229
8.321132
8.319548
8.318478
8.318310
8.318095
8.316677
8.316528
8.316327
8.316140
8.315580
8.314991
8.314610
8.314058
8.311319
8.310871
8.310100
8.310004
8.309414
8.308289
8.308028
8.306756
8.306591
8.305957
8.304913
8.303654
8.301718
8.299919
8.299019
8.298774
8.298401
8.298203
8.297814
8.297766
8.297565
8.296648
8.296632
8.296384
8.296291
8.296126
8.296021
8.295876
8.295699
8.294615
8.294501
8.293840
8.293200
8.291771
8.291532
8.291444
8.291348
8.290713
8.290033
8.289708
8.289284
8.288365
8.287488
8.287148
8.286890
8.285312
8.285134
8.285112
8.283673
8.282972
8.281743
8.281175
8.280420
8.279598
8.279436
8.279343
8.278867
8.278177
8.277777
8.277484
8.276724
8.276024
8.274190
8.273910
8.273196
8.272984
8.272293
8.272008
8.271947
8.271790
8.271337
8.269296
8.268740
8.267876
8.267576
8.267410
8.267076
8.266902
8.266901
8.266861
8.266352
8.264637
8.264587
8.264356
8.262464
8.261643
8.260707
8.260301
8.258480
8.258143
8.257843
8.257298
8.256854
8.256632
8.256215
8.256021
8.256010
8.254109
8.254047
8.253827
8.253597
8.253542
8.253513
8.252698
8.252667
8.252056
8.250971
8.250865
8.250459
8.248749
8.248455
8.247692
8.247431
8.247056
8.246859
8.246559
8.246218
8.246212
8.246193
8.245943
8.244503
8.243872
8.243484
8.242159
8.241477
8.239820
8.239780
8.239360
8.238162
8.237680
8.236846
8.236662
8.236559
8.236061
8.235819
8.235797
8.235322
8.235283
8.235179
8.234742
8.234667
8.233784
8.232821
8.232049
8.231622
8.230947
8.230858
8.230831
8.230402
8.230131
8.230130
8.228029
8.227460
8.226848
8.226586
8.226484
8.225925
8.225921
8.225564
8.222937
8.222837
8.221908
8.221889
8.221559
8.221341
8.220575
8.219432
8.219275
8.219174
8.219050
8.217978
8.216931
8.216714
8.216527
8.216070
8.215925
8.215322
8.215257
8.213484
8.213048
8.212622
8.212537
8.212070
8.211595
8.211542
8.210902
8.210604
8.210527
8.210382
8.210257
8.209820
8.209144
8.208265
8.206095
8.205571
8.205537
8.205275
8.204525
8.204459
8.203688
8.203250
8.203086
8.202982
8.202854
8.202572
8.202399
8.202394
8.202364
8.201803
8.200073
8.199886
8.199853
8.199488
8.199211
8.194819
8.194538
8.193802
8.193792
8.193514
8.193224
8.191858
8.191469
8.191240
8.190470
8.190319
8.189552
8.189017
8.187778
8.187067
8.186913
8.186619
8.186506
8.186436
8.186178
8.185322
8.184823
8.184753
8.184595
8.184119
8.182903
8.181896
8.181540
8.181052
8.180627
8.180103
8.180099
8.179994
8.179726
8.179186
8.179109
8.178513
8.177774
8.177649
8.176208
8.175851
8.175652
8.175641
8.175444
8.174374
8.174173
8.173743
8.173570
8.172655
8.172533
8.172169
8.171993
8.171535
8.170214
8.169916
8.169910
8.169815
8.169776
8.169735
8.168482
8.168074
8.167715
8.167520
8.166895
8.166438
8.165897
8.165359
8.165163
8.164505
8.164458
8.164217
8.163186
8.162735
8.162404
8.161929
8.160859
8.160800
8.160702
8.160611
8.159618
8.157976
8.155862
8.154773
8.154531
8.153668
8.152763
8.152542
8.152216
8.152084
8.151363
8.151041
8.150796
8.150341
8.148233
8.147631
8.147110
8.146307
8.145901
8.145286
8.144350
8.144346
8.144241
8.144207
8.144045
8.143887
8.143882
8.143879
8.142649
8.142035
8.141136
8.139478
8.139381
8.138888
8.138446
8.138289
8.137626
8.137549
8.137184
8.136465
8.136015
8.133677
8.133449
8.133165
8.133099
8.133071
8.132846
8.131269
8.130903
8.130726
8.129763
8.129732
8.129028
8.128602
8.128188
8.127595
8.127579
8.127398
8.126664
8.125176
8.125118
8.124821
8.124249
8.124081
8.124023
8.123619
8.123383
8.122400
8.121876
8.121769
8.121450
8.120365
8.119967
8.119668
8.119407
8.117510
8.117290
8.116823
8.115426
8.114950
8.114874
8.114380
8.114124
8.113500
8.113195
8.112780
8.112295
8.111629
8.111412
8.110807
8.110489
8.110246
8.109949
8.109750
8.109542
8.109148
8.109017
8.109008
8.108431
8.108294
8.108249
8.107851
8.106697
8.105507
8.104990
8.104694
8.103691
8.103336
8.102522
8.101902
8.100445
8.100261
8.100140
8.099869
8.099758
8.099671
8.098716
8.096540
8.095675
8.094229
8.092984
8.092921
8.092805
8.092694
8.092335
8.092097
8.091814
8.091747
8.091496
8.091165
8.090772
8.090185
8.089520
8.088890
8.088279
8.087972
8.086855
8.086428
8.086162
8.085655
8.085650
8.085470
8.085332
8.085026
8.084430
8.084042
8.083783
8.083267
8.081807
8.081793
8.081352
8.081285
8.079632
8.079099
8.078880
8.078554
8.078321
8.077560
8.077229
8.076936
8.076591
8.076548
8.076311
8.076189
8.075079
8.075042
8.073071
8.072395
8.072376
8.071203
8.069850
8.069563
8.069538
8.068571
8.068352
8.068079
8.067968
8.067886
8.066907
8.066398
8.066284
8.065681
8.065610
8.065296
8.064757
8.064493
8.064338
8.063679
8.062536
8.062476
8.062225
8.061499
8.060711
8.060246
8.059975
8.058473
8.058290
8.057872
8.056641
8.056625
8.055326
8.054105
8.052982
8.050984
8.050587
8.049845
8.047840
8.047219
8.046711
8.046645
8.044990
8.044981
8.044573
8.044378
8.043777
8.043675
8.042295
8.040997
8.040913
8.039412
8.038427
8.036759
8.034805
8.034286
8.033794
8.033532
8.033319
8.032893
8.032021
8.030547
8.030457
8.030332
8.030314
8.028873
8.027560
8.027224
8.026795
8.026752
8.026459
8.026171
8.025118
8.024423
8.024248
8.024155
8.023511
8.023464
8.023328
8.022842
8.022735
8.022564
8.021317
8.021124
8.020514
8.019770
8.019663
8.018674
8.018353
8.018019
8.018001
8.017937
8.017245
8.016089
8.016056
8.015121
8.014918
8.014898
8.013541
8.011654
8.011611
8.011320
8.011018
8.010983
8.010113
8.009978
8.009681
8.009467
8.009292
8.008781
8.008442
8.008327
8.008216
8.007130
8.006950
8.006669
8.006497
8.006425
8.006166
8.006114
8.005644
8.005526
8.005255
8.005008
8.004284
8.004280
8.001884
8.001778
8.001508
8.001502
7.998826
7.997061
7.996859
7.996833
7.994731
7.994719
7.994628
7.993955
7.993750
7.993275
7.993207
7.992792
7.992516
7.992498
7.992120
7.991742
7.991620
7.990669
7.989764
7.989278
7.989135
7.989069
7.988566
7.988515
7.988358
7.987970
7.985747
7.985456
7.984671
7.984033
7.982206
7.981716
7.981710
7.981622
7.981396
7.981083
7.980391
7.979696
7.979626
7.979222
7.978786
7.978054
7.978011
7.977544
7.977429
7.977147
7.976992
7.976941
7.975594
7.975254
7.973841
7.973781
7.973288
7.971869
7.971550
7.971493
7.970587
7.970518
7.969749
7.969167
7.968284
7.967977
7.966861
7.966138
7.965156
7.965133
7.964926
7.964633
7.964154
7.963892
7.963770
7.962977
7.962931
7.961985
7.961597
7.961393
7.960277
7.960106
7.959204
7.957689
7.957629
7.957283
7.957121
7.956238
7.956177
7.955742
7.954547
7.953977
7.953079
7.952844
7.952485
7.951684
7.949811
7.949542
7.949052
7.949047
7.948110
7.946732
7.946221
7.944992
7.944716
7.944588
7.944539
7.944334
7.944157
7.943645
7.943393
7.942857
7.942416
7.941824
7.941262
7.940805
7.940341
7.940338
7.939900
7.939721
7.939541
7.939297
7.938810
7.938167
7.938076
7.938018
7.937639
7.937518
7.937510
7.936598
7.936572
7.935676
7.935167
7.933079
7.932911
7.931975
7.931582
7.931537
7.930848
7.930624
7.930576
7.929542
7.928975
7.928891
7.927886
7.927881
7.927513
7.927039
7.926818
7.926733
7.926595
7.925746
7.925647
7.925269
7.924163
7.922133
7.921315
7.921126
7.920945
7.919729
7.919115
7.918687
7.918376
7.918328
7.918239
7.917848
7.917327
7.917195
7.915600
7.915573
7.914793
7.914665
7.913964
7.913683
7.913661
7.913125
7.912460
7.911952
7.911519
7.911347
7.910486
7.909348
7.908972
7.908636
7.908554
7.908404
7.908253
7.907754
7.906179
7.905129
7.905039
7.903572
7.902838
7.902370
7.902097
7.902034
7.901285
7.900729
7.900568
7.899967
7.899587
7.897583
7.896249
7.895956
7.895937
7.895787
7.894954
7.894928
7.894357
7.893624
7.893455
7.893320
7.892586
7.892585
7.891943
7.891840
7.891419
7.890997
7.890843
7.890337
7.890321
7.889974
7.888617
7.888201
7.888164
7.887944
7.885846
7.884859
7.884850
7.884706
7.884619
7.884491
7.884449
7.883725
7.883298
7.882330
7.881111
7.881070
7.880538
7.880019
7.879943
7.878357
7.878208
7.878184
7.877932
7.877170
7.877040
7.876415
7.875879
7.875491
7.875471
7.875275
7.875103
7.874916
7.874781
7.874706
7.874313
7.874088
7.873826
7.873652
7.873178
7.872801
7.871033
7.870983
7.869607
7.869334
7.868998
7.868825
7.868721
7.868426
7.867942
7.867579
7.867197
7.867008
7.866889
7.866874
7.866685
7.866484
7.866479
7.865894
7.865509
7.865149
7.865096
7.864964
7.864503
7.864500
7.863716
7.863512
7.863251
7.863001
7.862651
7.862413
7.861801
7.861693
7.861491
7.861364
7.861192
7.861046
7.860512
7.859989
7.859347
7.859345
7.858895
7.857959
7.856871
7.856791
7.855580
7.854895
7.853124
7.852913
7.852860
7.852830
7.852727
7.851076
7.850865
7.849484
7.848986
7.848324
7.848286
7.847923
7.847919
7.847547
7.847222
7.846893
7.846615
7.846576
7.846538
7.845740
7.845700
7.845384
7.845198
7.844964
7.844794
7.844636
7.843699
7.843341
7.843322
7.843119
7.842872
7.840524
7.840403
7.840280
7.840204
7.839422
7.839184
7.838438
7.837780
7.837085
7.836002
7.835384
7.835152
7.835101
7.834470
7.834455
7.832663
7.832437
7.832164
7.831056
7.830806
7.829489
7.828972
7.828869
7.828659
7.828643
7.828382
7.828376
7.828162
7.826718
7.826654
7.826590
7.826271
7.825418
7.825318
7.825069
7.824936
7.824702
7.824401
7.824314
7.824064
7.823222
7.822642
7.822351
7.822232
7.822132
7.821821
7.821117
7.820596
7.820488
7.820220
7.819215
7.819043
7.818223
7.818183
7.817845
7.816934
7.816109
7.815568
7.815122
7.814270
7.814245
7.813480
7.813349
7.812300
7.812208
7.812047
7.811954
7.810683
7.810144
7.810126
7.809669
7.808915
7.808814
7.808376
7.807720
7.807465
7.807371
7.806963
7.806468
7.804544
7.804442
7.804081
7.803956
7.802673
7.801950
7.801441
7.800826
7.800546
7.800059
7.800028
7.799769
7.799263
7.798982
7.798862
7.798551
7.798100
7.797605
7.797229
7.797171
7.797134
7.797067
7.796473
7.796016
7.795963
7.795311
7.794678
7.794101
7.793044
7.792981
7.792887
7.791566
7.790699
7.790382
7.789651
7.789179
7.788737
7.788721
7.788684
7.788135
7.787245
7.786507
7.786380
7.785998
7.785523
7.785184
7.784523
7.784520
7.784030
7.783976
7.783832
7.783461
7.782131
7.782021
7.781712
7.781068
7.779890
7.779813
7.779698
7.779465
7.778828
7.778795
7.778699
7.777607
7.777321
7.777256
7.776284
7.774926
7.773437
7.773365
7.772499
7.772356
7.772005
7.771338
7.771315
7.770239
7.770236
7.770201
7.769983
7.769227
7.768627
7.767691
7.767575
7.766951
7.766871
7.766845
7.766555
7.766408
7.766050
7.764938
7.764772
7.764716
7.763991
7.763928
7.762966
7.762496
7.761712
7.761613
7.761466
7.761293
7.760408
7.759266
7.758957
7.758755
7.757967
7.757658
7.756374
7.756184
7.756135
7.756015
7.755980
7.755732
7.755589
7.754279
7.754063
7.752266
7.751197
7.750770
7.750480
7.750298
7.749796
7.749320
7.749176
7.749056
7.748236
7.747794
7.747237
7.746135
7.746083
7.746007
7.745351
7.745307
7.745279
7.744894
7.744888
7.743623
7.743278
7.743155
7.743052
7.743001
7.742341
7.742287
7.741872
7.741769
7.741046
7.740880
7.740396
7.739483
7.738253
7.737986
7.737827
7.737665
7.736852
7.736630
7.736591
7.735813
7.732537
7.731800
7.731559
7.731409
7.730947
7.730924
7.730632
7.730579
7.730000
7.729571
7.728829
7.728821
7.728642
7.728266
7.728134
7.727923
7.727506
7.726969
7.726742
7.726350
7.726266
7.726250
7.725994
7.725774
7.725009
7.724449
7.723917
7.723812
7.723055
7.722851
7.722798
7.722744
7.721317
7.720834
7.720524
7.720509
7.720508
7.718429
7.717850
7.716668
7.715323
7.715117
7.714071
7.712298
7.712216
7.712123
7.712050
7.711658
7.711462
7.710930
7.710723
7.710580
7.710108
7.709609
7.709176
7.707908
7.707435
7.707085
7.706606
7.704082
7.703771
7.703286
7.703176
7.702865
7.701587
7.701496
7.700784
7.700563
7.700521
7.700325
7.699631
7.698958
7.698208
7.697834
7.697816
7.696591
7.696132
7.695814
7.694652
7.694108
7.693920
7.693806
7.693764
7.693576
7.693070
7.692990
7.692611
7.691432
7.691157
7.689841
7.689377
7.689289
7.689234
7.688989
7.688340
7.687688
7.687507
7.687480
7.687066
7.685735
7.685567
7.685476
7.685288
7.684908
7.684227
7.683874
7.683710
7.682668
7.681409
7.681272
7.680576
7.680086
7.679600
7.679484
7.679105
7.679021
7.678942
7.678799
7.677372
7.676423
7.676207
7.675049
7.674201
7.673944
7.673428
7.673051
7.672567
7.671805
7.670925
7.670318
7.669510
7.669108
7.669078
7.669005
7.668633
7.668623
7.668156
7.667959
7.667379
7.667115
7.666246
7.666137
7.665751
7.663507
7.663491
7.662955
7.662400
7.661804
7.661661
7.661471
7.660662
7.659663
7.659167
7.659047
7.658790
7.658556
7.658354
7.657929
7.657502
7.657309
7.657045
7.655621
7.655461
7.655454
7.655153
7.654790
7.654033
7.653728
7.653437
7.653389
7.653099
7.651904
7.651346
7.651335
7.650750
7.650748
7.649933
7.649754
7.649741
7.649556
7.648269
7.648116
7.648091
7.647278
7.646980
7.645849
7.645808
7.645375
7.644808
7.643999
7.643579
7.642821
7.642801
7.642202
7.641728
7.641442
7.640882
7.640032
7.640005
7.639935
7.638082
7.637372
7.637362
7.637126
7.637024
7.636771
7.634146
7.634094
7.633377
7.632924
7.632900
7.632752
7.632130
7.632004
7.631986
7.631864
7.631764
7.631660
7.631590
7.630708
7.630697
7.630433
7.630208
7.630064
7.629633
7.629444
7.628809
7.628246
7.628211
7.627582
7.627091
7.626658
7.626080
7.625785
7.625251
7.624888
7.624624
7.624105
7.623905
7.623791
7.623764
7.623477
7.621652
7.619077
7.618029
7.617692
7.617569
7.617003
7.614296
7.613701
7.612654
7.612504
7.611915
7.611889
7.610209
7.609893
7.609607
7.609577
7.609282
7.608773
7.608300
7.608251
7.607660
7.607253
7.606446
7.606354
7.604730
7.604606
7.604525
7.604247
7.604193
7.604147
7.603479
7.602279
7.602223
7.601132
7.599325
7.599296
7.598665
7.597447
7.597046
7.596636
7.596079
7.595963
7.595693
7.595619
7.595268
7.594643
7.593340
7.592922
7.592874
7.592852
7.592596
7.591194
7.590851
7.590741
7.589746
7.589549
7.589289
7.589108
7.589099
7.588897
7.588192
7.587028
7.586802
7.586425
7.585539
7.584525
7.584408
7.584357
7.583537
7.582376
7.581963
7.581072
7.579731
7.579728
7.579567
7.578435
7.578267
7.578264
7.577804
7.577652
7.576451
7.575979
7.575578
7.575478
7.574980
7.574918
7.573891
7.573227
7.573033
7.573025
7.572418
7.571773
7.571668
7.570852
7.570738
7.570038
7.569922
7.569881
7.569542
7.568916
7.568812
7.568688
7.567915
7.567620
7.567136
7.566008
7.565423
7.563779
7.563004
7.562922
7.562886
7.561797
7.561254
7.559313
7.559103
7.558828
7.558267
7.558036
7.557859
7.556469
7.555457
7.555321
7.555296
7.554525
7.554499
7.554419
7.554342
7.553984
7.553513
7.553103
7.552761
7.551612
7.551401
7.551382
7.551229
7.551192
7.550800
7.550391
7.549276
7.548716
7.548206
7.547820
7.547650
7.547203
7.546878
7.546500
7.546477
7.545602
7.545320
7.545159
7.544575
7.544498
7.544074
7.543708
7.543190
7.542521
7.542506
7.541967
7.540666
7.540504
7.540352
7.540200
7.540149
7.539750
7.539593
7.539530
7.539395
7.538241
7.537982
7.537194
7.536860
7.536825
7.535887
7.535530
7.534620
7.534460
7.533145
7.532705
7.532350
7.532300
7.531527
7.531290
7.530727
7.528974
7.528358
7.528343
7.528184
7.528004
7.527894
7.527411
7.527148
7.526953
7.526040
7.526019
7.525702
7.525434
7.525233
7.524720
7.524505
7.523391
7.522968
7.522295
7.522038
7.521798
7.521772
7.520694
7.520590
7.520315
7.519422
7.519348
7.518237
7.517986
7.516929
7.516847
7.516412
7.516091
7.515373
7.514651
7.514555
7.513989
7.513958
7.513571
7.513154
7.512735
7.512703
7.512355
7.511635
7.510245
7.510140
7.509379
7.509291
7.508811
7.507734
7.507408
7.507408
7.507138
7.506823
7.506531
7.506023
7.504934
7.504609
7.504084
7.503662
7.502865
7.501822
7.501376
7.500470
7.500209
7.498638
7.497712
7.496958
7.496785
7.496684
7.496618
7.496614
7.496268
7.496178
7.495802
7.494662
7.494573
7.494280
7.493591
7.493377
7.493308
7.491578
7.491464
7.490750
7.490408
7.490103
7.489604
7.489407
7.489352
7.488965
7.488092
7.487557
7.487166
7.487106
7.486712
7.485604
7.484807
7.484745
7.484599
7.484448
7.483958
7.483273
7.482179
7.481651
7.479750
7.479235
7.478176
7.476815
7.476749
7.476537
7.476138
7.476097
7.475656
7.474886
7.474706
7.474347
7.474280
7.472410
7.471421
7.470866
7.470543
7.469392
7.469186
7.468991
7.468765
7.468622
7.467988
7.467503
7.467474
7.466959
7.465960
7.465959
7.465919
7.464657
7.464272
7.463451
7.462172
7.461773
7.461686
7.461611
7.461093
7.460875
7.459360
7.459268
7.459252
7.459152
7.458626
7.458578
7.457709
7.457189
7.457046
7.456448
7.456008
7.455737
7.455119
7.454143
7.453122
7.452948
7.452819
7.452422
7.452359
7.451797
7.451754
7.451696
7.451614
7.451194
7.450945
7.450855
7.450466
7.450048
7.448994
7.448071
7.446900
7.445838
7.445155
7.445019
7.444607
7.444246
7.443977
7.443633
7.443273
7.442955
7.442632
7.442337
7.442003
7.441872
7.441311
7.440315
7.440177
7.439765
7.439699
7.439338
7.438293
7.438029
7.437086
7.436742
7.436319
7.436156
7.435564
7.435050
7.434736
7.434232
7.433659
7.432003
7.430532
7.430493
7.430112
7.428877
7.428834
7.428822
7.428774
7.428350
7.428102
7.428092
7.427715
7.427701
7.426191
7.424443
7.424009
7.423231
7.423171
7.421956
7.421652
7.420459
7.419646
7.419476
7.419377
7.418657
7.418224
7.418172
7.418068
7.418040
7.417810
7.417732
7.417647
7.417527
7.416479
7.416401
7.415972
7.415411
7.414712
7.414337
7.413501
7.413371
7.413072
7.413068
7.412922
7.412789
7.412199
7.410602
7.410354
7.410338
7.410233
7.409132
7.408405
7.407666
7.407499
7.406713
7.406428
7.406277
7.406204
7.406151
7.405870
7.405828
7.405410
7.405102
7.405045
7.404883
7.404811
7.403908
7.403890
7.403812
7.403381
7.403365
7.403104
7.403058
7.402730
7.402365
7.401223
7.400747
7.400684
7.399951
7.399873
7.399021
7.398987
7.398186
7.398140
7.397625
7.396676
7.396627
7.396607
7.396147
7.395982
7.395887
7.395525
7.395475
7.394762
7.393100
7.390276
7.389863
7.388890
7.387979
7.387303
7.387026
7.386864
7.386054
7.386045
7.385521
7.384255
7.383446
7.383320
7.383143
7.382972
7.382965
7.382831
7.382016
7.381711
7.380521
7.380444
7.380361
7.379158
7.378897
7.378445
7.377800
7.377182
7.375830
7.375638
7.374480
7.374172
7.374128
7.374025
7.373805
7.373537
7.373340
7.373252
7.373242
7.372818
7.370661
7.370634
7.370100
7.369408
7.368857
7.368632
7.368108
7.367683
7.365299
7.364755
7.364622
7.364559
7.364464
7.363482
7.362258
7.360582
7.360023
7.359066
7.358136
7.357827
7.356934
7.355094
7.353230
7.353191
7.352841
7.352833
7.352696
7.352367
7.351768
7.351600
7.351100
7.351032
7.350309
7.350061
7.349718
7.349149
7.348591
7.348147
7.348136
7.345045
7.344663
7.344294
7.344116
7.343762
7.343153
7.342982
7.342622
7.341967
7.341964
7.341125
7.340894
7.340863
7.340079
7.339721
7.339639
7.339375
7.339294
7.338697
7.338681
7.338566
7.338107
7.337865
7.337828
7.337680
7.337546
7.336099
7.335845
7.335620
7.335021
7.334671
7.334399
7.334333
7.333874
7.333398
7.333119
7.332684
7.332012
7.330387
7.329686
7.329644
7.329075
7.329061
7.328500
7.328032
7.327174
7.326286
7.326255
7.326190
7.326106
7.324610
7.324444
7.324410
7.324402
7.324370
7.324078
7.321800
7.320942
7.320398
7.320109
7.319969
7.319950
7.319114
7.318974
7.318897
7.318397
7.318245
7.318041
7.317909
7.317535
7.317108
7.315874
7.314534
7.313939
7.313592
7.312847
7.311695
7.311650
7.310993
7.310886
7.310390
7.309968
7.309300
7.308874
7.307714
7.306991
7.306841
7.305777
7.303883
7.303361
7.303154
7.303102
7.303048
7.302986
7.301896
7.301834
7.300147
7.299900
7.298909
7.297680
7.297464
7.297174
7.296310
7.295752
7.295608
7.295515
7.295461
7.295172
7.294904
7.294083
7.293962
7.292280
7.291424
7.291402
7.290701
7.290110
7.289712
7.289681
7.289386
7.288811
7.288442
7.287848
7.287054
7.286192
7.285759
7.284999
7.284973
7.284589
7.284344
7.284089
7.282970
7.281630
7.281396
7.281371
7.280563
7.280122
7.279626
7.277957
7.277663
7.277555
7.276601
7.276466
7.276245
7.275933
7.275344
7.274625
7.274290
7.273748
7.273662
7.273219
7.272982
7.272923
7.272810
7.272373
7.272098
7.272017
7.271143
7.270016
7.269952
7.269930
7.269525
7.269399
7.268615
7.268307
7.267826
7.267465
7.267460
7.266815
7.266555
7.266021
7.265537
7.265443
7.264121
7.264007
7.263836
7.263835
7.263781
7.263517
7.262806
7.262670
7.262566
7.261598
7.260140
7.260136
7.259375
7.259315
7.258286
7.257957
7.257452
7.256186
7.256117
7.254472
7.254424
7.254372
7.254182
7.253649
7.253358
7.253032
7.251372
7.249086
7.247753
7.247169
7.246579
7.246310
7.246027
7.245508
7.244234
7.244074
7.243747
7.243680
7.242837
7.242590
7.242386
7.242074
7.241920
7.241077
7.240182
7.240010
7.239760
7.239476
7.238888
7.238667
7.238560
7.238159
7.238017
7.237980
7.237952
7.237730
7.236978
7.236758
7.236652
7.235165
7.235134
7.234349
7.233863
7.233504
7.233500
7.233454
7.232913
7.232689
7.230870
7.230790
7.229827
7.228726
7.228630
7.228081
7.227787
7.227760
7.227668
7.227353
7.227280
7.226914
7.226838
7.226497
7.225508
7.225218
7.223563
7.222998
7.222891
7.221979
7.221609
7.220676
7.219180
7.217944
7.216887
7.216837
7.216743
7.215690
7.215185
7.215068
7.214837
7.214804
7.214317
7.214298
7.214088
7.213978
7.213432
7.213416
7.210990
7.210640
7.210453
7.209538
7.208843
7.208731
7.208171
7.207996
7.207102
7.206479
7.206356
7.206307
7.205396
7.205337
7.205225
7.205101
7.204929
7.204795
7.203352
7.203167
7.203117
7.202758
7.202446
7.202290
7.202119
7.202008
7.201958
7.201724
7.200232
7.199711
7.199464
7.199268
7.198715
7.198068
7.197899
7.197829
7.197087
7.196752
7.196543
7.196090
7.195086
7.194929
7.194414
7.194010
7.193910
7.192519
7.192261
7.191483
7.191023
7.190811
7.190084
7.189769
7.189567
7.188344
7.188057
7.187914
7.187701
7.187625
7.187495
7.187210
7.187038
7.185342
7.185037
7.183652
7.183536
7.183319
7.183074
7.183063
7.182526
7.182502
7.181888
7.181823
7.181397
7.180811
7.180076
7.179939
7.179380
7.178748
7.178133
7.177120
7.177068
7.176795
7.176406
7.175639
7.175195
7.175086
7.174687
7.174335
7.174283
7.173789
7.172935
7.172614
7.172227
7.171913
7.171190
7.171118
7.171032
7.170792
7.169290
7.168653
7.168614
7.168455
7.167850
7.166297
7.165973
7.165823
7.165590
7.165078
7.164718
7.164655
7.164378
7.164197
7.163796
7.163764
7.162484
7.162229
7.162194
7.161212
7.160803
7.160779
7.160755
7.160440
7.160250
7.160048
7.159382
7.159336
7.159333
7.158948
7.157712
7.157667
7.157571
7.157061
7.156354
7.155669
7.155068
7.154421
7.153685
7.153647
7.153072
7.153069
7.152930
7.152391
7.151331
7.150817
7.150366
7.150328
7.149097
7.148705
7.148380
7.148348
7.147657
7.146655
7.146006
7.145809
7.145695
7.145052
7.144824
7.144310
7.144291
7.143435
7.143291
7.142693
7.141977
7.141853
7.141567
7.141500
7.140799
7.140361
7.139597
7.139497
7.139338
7.139035
7.138323
7.138314
7.136136
7.135354
7.134732
7.134258
7.133772
7.133183
7.132119
7.131901
7.131197
7.130961
7.130719
7.130641
7.130435
7.129512
7.128620
7.128564
7.127602
7.127246
7.126261
7.125507
7.124691
7.124253
7.124228
7.124223
7.123903
7.123590
7.123495
7.123311
7.123311
7.121761
7.120480
7.120433
7.120181
7.120089
7.119794
7.119739
7.118860
7.118685
7.118663
7.117331
7.116066
7.115724
7.114528
7.114027
7.113731
7.112794
7.112221
7.112199
7.111187
7.109423
7.108825
7.107534
7.107191
7.106763
7.106588
7.106267
7.106117
7.105970
7.104774
7.104732
7.104687
7.101870
7.100666
7.099442
7.099267
7.098966
7.098289
7.098281
7.098155
7.096728
7.095623
7.095465
7.095227
7.095201
7.094860
7.094763
7.092945
7.092817
7.092392
7.092079
7.091811
7.091491
7.091236
7.090221
7.089970
7.089948
7.089490
7.088808
7.088466
7.088034
7.087851
7.087079
7.086515
7.085373
7.085275
7.085128
7.083848
7.082907
7.081982
7.081962
7.081157
7.080577
7.080453
7.079825
7.079798
7.079515
7.077884
7.075974
7.075662
7.075274
7.074885
7.074273
7.073993
7.072106
7.071483
7.070829
7.070395
7.070032
7.069760
7.069630
7.069043
7.069025
7.069012
7.068549
7.068124
7.067538
7.067142
7.066414
7.066045
7.065996
7.065254
7.064898
7.064636
7.064602
7.063762
7.063478
7.063185
7.062547
7.062484
7.061914
7.061865
7.061716
7.061596
7.061100
7.060938
7.059974
7.059680
7.059644
7.059533
7.059473
7.059197
7.056572
7.055878
7.055855
7.055564
7.055535
7.055187
7.054582
7.054554
7.054120
7.054058
7.053990
7.053762
7.052209
7.052079
7.051592
7.051446
7.051127
7.050673
7.050377
7.049408
7.048858
7.048604
7.048088
7.047628
7.046476
7.046035
7.045899
7.045399
7.045230
7.044222
7.044082
7.043423
7.042817
7.042537
7.042485
7.042434
7.041816
7.040930
7.040817
7.040222
7.039950
7.039904
7.038587
7.038362
7.037473
7.037405
7.037291
7.035528
7.033605
7.033193
7.032928
7.032859
7.031278
7.030605
7.029839
7.028830
7.028029
7.027788
7.026844
7.024731
7.024570
7.024534
7.022962
7.020888
7.020732
7.020305
7.018874
7.018526
7.017993
7.017007
7.016020
7.015104
7.014925
7.014722
7.014687
7.014649
7.014226
7.013922
7.013385
7.012243
7.011527
7.010983
7.010424
7.010350
7.010162
7.010139
7.009626
7.009408
7.007952
7.006968
7.006959
7.006870
7.006607
7.006109
7.005050
7.004694
7.004105
7.004027
7.003750
7.003601
7.003357
7.003103
7.002944
7.000655
7.000504
7.000003
6.999345
6.999319
6.998691
6.998035
6.997721
6.996944
6.996268
6.995966
6.995814
6.994820
6.993189
6.992454
6.992298
6.991261
6.990124
6.989822
6.989634
6.989110
6.988709
6.988396
6.987918
6.987686
6.987592
6.987052
6.986288
6.985598
6.985522
6.984437
6.984336
6.984191
6.984116
6.984110
6.983891
6.983703
6.983532
6.980943
6.980753
6.980649
6.980484
6.980124
6.979856
6.979455
6.978166
6.978064
6.977905
6.977519
6.977289
6.977234
6.976035
6.975617
6.974604
6.973548
6.973048
6.972662
6.972074
6.971972
6.971848
6.971448
6.970606
6.970100
6.969158
6.968760
6.968699
6.968049
6.968001
6.966846
6.966825
6.966743
6.966579
6.965622
6.964379
6.964377
6.963253
6.962602
6.962206
6.961624
6.961378
6.961021
6.960945
6.960940
6.959687
6.959348
6.959006
6.958144
6.957880
6.956926
6.956344
6.955832
6.954635
6.954515
6.954404
6.954308
6.952634
6.952392
6.951041
6.949732
6.949511
6.949162
6.949101
6.948900
6.948234
6.947920
6.947738
6.947570
6.947088
6.946996
6.946917
6.946865
6.945835
6.945487
6.943869
6.943684
6.943002
6.942687
6.942018
6.940070
6.938867
6.938651
6.938477
6.938397
6.938082
6.938058
6.937976
6.937722
6.936399
6.935170
6.934504
6.934443
6.934083
6.932705
6.932653
6.931610
6.931560
6.931374
6.930875
6.930316
6.930301
6.929937
6.929534
6.928311
6.927548
6.927486
6.927445
6.927367
6.927264
6.927057
6.927044
6.926283
6.925954
6.925449
6.925143
6.924178
6.923973
6.923858
6.922471
6.922052
6.921666
6.921549
6.921424
6.918750
6.917552
6.917310
6.917074
6.916838
6.916538
6.916082
6.916062
6.915831
6.914959
6.914034
6.913824
6.913497
6.913157
6.912585
6.911907
6.911777
6.911578
6.911037
6.910242
6.909882
6.909547
6.909493
6.909035
6.908765
6.908418
6.907151
6.907146
6.905192
6.905170
6.904929
6.904889
6.904351
6.904349
6.903657
6.903565
6.903436
6.903104
6.902989
6.902668
6.902341
6.902311
6.902199
6.901906
6.901026
6.900747
6.900168
6.900057
6.899889
6.899461
6.899134
6.898881
6.898581
6.898479
6.898437
6.898046
6.897711
6.897517
6.896740
6.896266
6.895499
6.894894
6.892479
6.892342
6.892116
6.891750
6.891365
6.891098
6.890483
6.889799
6.889513
6.889379
6.889101
6.888331
6.887861
6.887238
6.885863
6.885223
6.883569
6.882306
6.881597
6.881515
6.881118
6.881098
6.880524
6.880326
6.879976
6.879582
6.879000
6.878578
6.877984
6.877099
6.876401
6.875047
6.874862
6.874517
6.873793
6.873603
6.873412
6.873283
6.872823
6.872575
6.871984
6.871752
6.871612
6.870227
6.868277
6.868048
6.867985
6.867352
6.867138
6.866841
6.866649
6.866338
6.865562
6.865144
6.863739
6.863541
6.863163
6.862908
6.862654
6.862433
6.861876
6.861310
6.860468
6.860097
6.859796
6.859750
6.859597
6.859081
6.858859
6.858741
6.858678
6.857965
6.857779
6.857450
6.856418
6.856287
6.856016
6.854496
6.854492
6.854484
6.854086
6.852327
6.851294
6.850939
6.850690
6.849981
6.849193
6.849141
6.848017
6.847301
6.846540
6.846502
6.846268
6.845419
6.844959
6.844927
6.843872
6.843406
6.842932
6.842846
6.841888
6.841827
6.841280
6.840966
6.839546
6.839426
6.839335
6.839095
6.838900
6.838881
6.837713
6.837492
6.837150
6.836967
6.836488
6.836369
6.835999
6.835458
6.834314
6.834271
6.834197
6.834132
6.834092
6.833894
6.833872
6.833111
6.832491
6.832159
6.828054
6.828003
6.827809
6.827090
6.826875
6.826872
6.826711
6.824359
6.824086
6.823862
6.823537
6.822511
6.822385
6.822285
6.822127
6.821717
6.821473
6.821300
6.821163
6.821140
6.820446
6.820381
6.820052
6.819415
6.819360
6.818828
6.818110
6.817842
6.816116
6.815890
6.815556
6.815391
6.814810
6.814641
6.814339
6.813911
6.813519
6.813518
6.811631
6.811518
6.811437
6.808500
6.807665
6.807479
6.807056
6.805398
6.805250
6.804964
6.804850
6.804719
6.804363
6.803775
6.802586
6.801269
6.799998
6.799133
6.798935
6.798883
6.798850
6.798295
6.798187
6.798021
6.797895
6.797401
6.797235
6.797215
6.796898
6.795582
6.795551
6.795527
6.795321
6.795139
6.795058
6.793839
6.793245
6.793012
6.792328
6.791710
6.789500
6.788674
6.788615
6.788476
6.788300
6.788205
6.787873
6.787492
6.787286
6.786860
6.785852
6.784994
6.784947
6.784804
6.784265
6.783249
6.783123
6.783113
6.782601
6.782454
6.782307
6.780968
6.780934
6.780720
6.780593
6.780158
6.779292
6.779151
6.778784
6.778515
6.778049
6.775892
6.774663
6.774493
6.774226
6.773853
6.773244
6.772442
6.771502
6.770885
6.770758
6.770140
6.769715
6.769548
6.768596
6.767115
6.766748
6.764557
6.763208
6.763012
6.762927
6.762520
6.762276
6.761089
6.760249
6.760202
6.759579
6.757889
6.757125
6.756640
6.755618
6.755545
6.755414
6.755300
6.754579
6.754064
6.753925
6.753407
6.752903
6.752891
6.752792
6.752654
6.752315
6.751313
6.751292
6.749992
6.749553
6.749493
6.748243
6.747832
6.747447
6.746840
6.746444
6.745789
6.745066
6.744390
6.743047
6.742049
6.740644
6.740336
6.740170
6.739642
6.738653
6.738430
6.737579
6.737480
6.737475
6.736282
6.736230
6.736209
6.734712
6.733719
6.733706
6.733636
6.732688
6.732365
6.732321
6.732081
6.731801
6.731709
6.731443
6.731384
6.730702
6.730346
6.730285
6.728993
6.728489
6.727383
6.726615
6.726436
6.725878
6.725626
6.724834
6.724576
6.724062
6.723727
6.723131
6.722790
6.722165
6.722041
6.721764
6.721430
6.720494
6.720294
6.720247
6.719883
6.719746
6.719139
6.719122
6.718339
6.718096
6.717257
6.717076
6.716743
6.716237
6.715591
6.714990
6.714828
6.714100
6.713562
6.713027
6.712754
6.712648
6.712534
6.712456
6.712111
6.711927
6.711551
6.710879
6.710676
6.710395
6.709724
6.709511
6.709163
6.706877
6.706857
6.706516
6.705832
6.705489
6.705458
6.704627
6.703935
6.703139
6.702909
6.702904
6.702675
6.701917
6.701677
6.701179
6.700767
6.699895
6.699069
6.698633
6.698385
6.698266
6.697396
6.697307
6.692218
6.691177
6.689775
6.688632
6.688447
6.688219
6.687720
6.687114
6.686916
6.686486
6.686099
6.684875
6.684186
6.683768
6.683497
6.683374
6.683236
6.682840
6.682067
6.680968
6.680405
6.679888
6.679766
6.679652
6.679279
6.679116
6.678980
6.678860
6.678699
6.678635
6.678463
6.678273
6.677674
6.677107
6.677048
6.676690
6.675711
6.674981
6.674815
6.674773
6.674567
6.674165
6.673884
6.673559
6.672507
6.672492
6.671037
6.670406
6.670398
6.669810
6.669596
6.668936
6.668000
6.667771
6.667168
6.667032
6.667012
6.666839
6.666541
6.666130
6.665962
6.665935
6.665604
6.665307
6.665206
6.664876
6.664151
6.662519
6.662426
6.662161
6.661586
6.661566
6.661334
6.661099
6.661033
6.660345
6.660142
6.659610
6.659456
6.658998
6.658341
6.658306
6.658080
6.657255
6.656156
6.656077
6.654394
6.653481
6.653137
6.652331
6.652140
6.651942
6.651009
6.649823
6.649531
6.649255
6.648561
6.648381
6.648328
6.647529
6.647029
6.646749
6.646608
6.646128
6.646127
6.646108
6.645500
6.645242
6.644318
6.643930
6.642738
6.642458
6.642403
6.642218
6.641909
6.641870
6.641457
6.640025
6.640018
6.639881
6.639172
6.639028
6.638116
6.637964
6.637907
6.637687
6.636598
6.636230
6.636195
6.635419
6.635208
6.634147
6.633984
6.633100
6.632302
6.632180
6.631858
6.631582
6.631495
6.631402
6.630840
6.630597
6.630239
6.630063
6.629386
6.628900
6.628490
6.628055
6.627888
6.627080
6.626710
6.626617
6.626097
6.625523
6.623852
6.623302
6.622504
6.622080
6.622059
6.621425
6.620347
6.620296
6.618265
6.616344
6.615952
6.615535
6.613232
6.612904
6.612592
6.611870
6.611514
6.611243
6.611137
6.610480
6.610181
6.609230
6.608676
6.608286
6.606610
6.605969
6.605634
6.605119
6.604924
6.604754
6.604676
6.604598
6.604581
6.603860
6.602855
6.602730
6.601743
6.601714
6.601495
6.601485
6.600981
6.600027
6.599314
6.598467
6.598454
6.598444
6.598280
6.597490
6.596594
6.595877
6.594848
6.594148
6.593710
6.593053
6.592416
6.592222
6.591715
6.591129
6.591031
6.590392
6.588872
6.588690
6.587970
6.586543
6.586142
6.585469
6.584636
6.583891
6.583347
6.582191
6.581284
6.580752
6.579986
6.579824
6.578426
6.578311
6.577425
6.577225
6.577115
6.576305
6.574348
6.573980
6.573895
6.573788
6.573729
6.573344
6.572804
6.572631
6.572095
6.571720
6.571603
6.570704
6.570456
6.570272
6.570186
6.570173
6.569880
6.569552
6.569115
6.568751
6.568299
6.567357
6.567301
6.567173
6.566703
6.566441
6.566381
6.565855
6.565724
6.565034
6.564211
6.563705
6.563415
6.562289
6.561107
6.561017
6.560805
6.560742
6.560366
6.559829
6.559315
6.559201
6.559115
6.557939
6.557796
6.557677
6.557469
6.556428
6.556318
6.555068
6.554975
6.554784
6.554141
6.553983
6.553576
6.553404
6.551546
6.551491
6.551278
6.550249
6.549585
6.548769
6.548743
6.547834
6.547566
6.546632
6.545823
6.544908
6.543502
6.543397
6.540606
6.539419
6.539120
6.539062
6.537870
6.537586
6.537430
6.536448
6.535836
6.535463
6.534913
6.533786
6.533535
6.533078
6.531678
6.529626
6.529531
6.529272
6.528447
6.528184
6.527292
6.527261
6.526318
6.525270
6.524095
6.523168
6.522765
6.522748
6.522303
6.521731
6.521597
6.521146
6.520024
6.519891
6.519790
6.519459
6.519348
6.517508
6.516535
6.516510
6.516125
6.515937
6.514520
6.514251
6.513770
6.513585
6.512937
6.512489
6.511526
6.510930
6.510129
6.509848
6.508671
6.507974
6.507935
6.507826
6.506783
6.504734
6.504660
6.503519
6.502159
6.501996
6.501894
6.500881
6.500878
6.500501
6.498806
6.498733
6.498643
6.498046
6.497936
6.497918
6.496333
6.496068
6.493474
6.492781
6.492547
6.492340
6.492328
6.492301
6.490331
6.490294
6.490146
6.488738
6.488051
6.487898
6.487374
6.487134
6.485785
6.485253
6.485208
6.484898
6.484097
6.483412
6.482134
6.482129
6.480839
6.480437
6.479852
6.479830
6.479303
6.478867
6.478837
6.478666
6.478138
6.478117
6.478076
6.477977
6.477961
6.477529
6.476920
6.475569
6.475072
6.474958
6.473578
6.473299
6.472854
6.472416
6.472322
6.472189
6.470349
6.469839
6.467390
6.467088
6.467013
6.466097
6.465466
6.464749
6.463711
6.463320
6.463292
6.461740
6.460757
6.460515
6.460011
6.459687
6.458614
6.458195
6.458156
6.457985
6.457834
6.457287
6.456070
6.455417
6.454420
6.454023
6.453896
6.452413
6.452332
6.452297
6.450282
6.449301
6.447382
6.447157
6.447108
6.446968
6.446633
6.445976
6.445745
6.444088
6.443920
6.443894
6.443267
6.443112
6.443058
6.442915
6.442141
6.441707
6.440760
6.440743
6.440421
6.440153
6.439724
6.438980
6.438774
6.438555
6.438192
6.437397
6.437123
6.436911
6.436707
6.436386
6.435915
6.435287
6.433284
6.432865
6.432332
6.430931
6.430223
6.429453
6.428648
6.426992
6.425437
6.425304
6.425294
6.424925
6.424742
6.423935
6.423749
6.423588
6.423392
6.422383
6.421560
6.421519
6.421471
6.421315
6.421306
6.420432
6.419467
6.418967
6.418585
6.418417
6.418126
6.416972
6.415812
6.415716
6.415397
6.415255
6.415224
6.415048
6.415040
6.415002
6.414630
6.414454
6.414089
6.414010
6.412279
6.411983
6.411185
6.411178
6.411065
6.410707
6.410243
6.408845
6.408727
6.408406
6.408051
6.407923
6.407096
6.405621
6.405429
6.405143
6.404735
6.404585
6.404457
6.404353
6.403737
6.403615
6.403615
6.403359
6.402534
6.402465
6.401557
6.401329
6.400554
6.400401
6.399687
6.399637
6.398787
6.397151
6.395053
6.394992
6.394354
6.393819
6.393131
6.392994
6.392750
6.391672
6.391043
6.390993
6.390548
6.390443
6.390239
6.390071
6.389575
6.389131
6.387666
6.386806
6.386670
6.386591
6.386394
6.383548
6.382310
6.381122
6.380624
6.380518
6.379744
6.379656
6.379085
6.378813
6.378170
6.376915
6.376714
6.376690
6.376648
6.376636
6.376280
6.375943
6.375641
6.375623
6.375517
6.375504
6.374107
6.374044
6.372866
6.372614
6.368937
6.368621
6.368182
6.367862
6.367593
6.367185
6.367168
6.367025
6.366837
6.366551
6.366464
6.365565
6.364707
6.363308
6.363184
6.363079
6.362741
6.362020
6.361418
6.361049
6.361023
6.360970
6.360284
6.359105
6.358954
6.357942
6.357788
6.357409
6.356679
6.356016
6.355725
6.355059
6.354828
6.354193
6.353818
6.353784
6.353451
6.352758
6.352584
6.352515
6.352448
6.352088
6.351477
6.349418
6.349107
6.349088
6.347957
6.347736
6.347613
6.347433
6.347108
6.346913
6.346669
6.345500
6.345174
6.345081
6.343677
6.342831
6.342671
6.342551
6.342335
6.342008
6.341445
6.340703
6.340474
6.340013
6.339282
6.339077
6.338569
6.336903
6.335962
6.335926
6.335657
6.334714
6.334451
6.333424
6.332646
6.332268
6.332099
6.331439
6.331012
6.330258
6.330229
6.330216
6.329652
6.329178
6.328930
6.328305
6.328151
6.328104
6.327342
6.325986
6.324651
6.324539
6.324492
6.324356
6.324348
6.324153
6.323132
6.323003
6.322737
6.322059
6.321941
6.321905
6.321157
6.319702
6.319280
6.318967
6.318356
6.318317
6.318219
6.317687
6.317548
6.316123
6.315844
6.315625
6.315553
6.315463
6.315388
6.314179
6.313773
6.313734
6.313328
6.312799
6.312795
6.311401
6.311328
6.310892
6.310695
6.310531
6.309614
6.309284
6.309022
6.308990
6.308908
6.307922
6.307805
6.307798
6.307417
6.307219
6.307111
6.306975
6.306551
6.305890
6.304922
6.304912
6.304831
6.304492
6.304321
6.304093
6.303816
6.302546
6.302266
6.300537
6.300251
6.300176
6.299357
6.299042
6.298961
6.298754
6.298482
6.297640
6.295736
6.295164
6.294932
6.294847
6.294453
6.294437
6.293845
6.293160
6.293078
6.291369
6.291215
6.291196
6.290586
6.290072
6.289850
6.289272
6.289096
6.289044
6.288865
6.288591
6.286759
6.284948
6.284808
6.284784
6.284158
6.283876
6.283650
6.281715
6.280606
6.280521
6.279329
6.279295
6.278469
6.278124
6.277613
6.277299
6.277130
6.275146
6.274332
6.273883
6.273632
6.272524
6.272488
6.272478
6.272217
6.271765
6.271657
6.271360
6.270994
6.270728
6.270366
6.270188
6.269972
6.269769
6.268528
6.268326
6.267824
6.267793
6.267736
6.266504
6.265685
6.265075
6.264513
6.264052
6.263304
6.261311
6.260676
6.259489
6.258721
6.256980
6.256703
6.256495
6.256360
6.256089
6.255464
6.255195
6.255016
6.254874
6.254175
6.254027
6.253537
6.253139
6.252649
6.252302
6.252143
6.251605
6.251018
6.250894
6.250409
6.249770
6.249691
6.248571
6.248555
6.246377
6.246339
6.245982
6.244681
6.242960
6.242516
6.242377
6.242272
6.242201
6.241772
6.241351
6.241141
6.240599
6.240396
6.240312
6.240067
6.239226
6.238528
6.238229
6.237593
6.237045
6.235792
6.235634
6.235584
6.234703
6.233701
6.233302
6.232852
6.232658
6.232339
6.231582
6.231442
6.230336
6.229410
6.229035
6.228769
6.228678
6.228422
6.228308
6.228207
6.228113
6.227422
6.225741
6.225471
6.225016
6.224297
6.224284
6.223655
6.223333
6.222406
6.222244
6.222052
6.221531
6.221440
6.220677
6.219807
6.219131
6.218487
6.218001
6.217751
6.217261
6.217120
6.216159
6.216031
6.215964
6.215937
6.215921
6.215567
6.215477
6.215415
6.215189
6.214635
6.214436
6.212880
6.212691
6.212649
6.212127
6.211995
6.211908
6.211435
6.210856
6.209965
6.209643
6.208303
6.208298
6.208026
6.208014
6.207871
6.207666
6.207229
6.207209
6.206285
6.206202
6.205611
6.204790
6.204757
6.203562
6.202527
6.202224
6.201970
6.201239
6.200917
6.200829
6.199725
6.199585
6.199446
6.199044
6.198191
6.197181
6.197133
6.197053
6.196765
6.196516
6.195560
6.195274
6.195264
6.195214
6.194644
6.194154
6.193966
6.193409
6.193223
6.192911
6.192161
6.192104
6.191768
6.191041
6.190920
6.189803
6.188769
6.187919
6.187806
6.187305
6.187192
6.186674
6.186388
6.185603
6.184129
6.183955
6.183691
6.182570
6.182339
6.181308
6.180924
6.180462
6.180098
6.180078
6.179972
6.178516
6.178515
6.177399
6.176210
6.176038
6.175970
6.175104
6.175097
6.174927
6.174924
6.173685
6.173497
6.173063
6.172565
6.172260
6.172233
6.170932
6.170864
6.170623
6.170600
6.170061
6.169685
6.169102
6.168733
6.168679
6.167683
6.167622
6.167536
6.167362
6.166780
6.166615
6.166546
6.165647
6.165491
6.165195
6.164603
6.164112
6.162935
6.161780
6.160941
6.159945
6.159759
6.159568
6.159413
6.159185
6.159023
6.158729
6.158609
6.158433
6.158111
6.157909
6.157572
6.156830
6.156191
6.155798
6.155463
6.154858
6.153672
6.153395
6.152970
6.152750
6.152394
6.152368
6.152235
6.152158
6.151936
6.151919
6.150620
6.149583
6.149201
6.149104
6.148758
6.148490
6.147367
6.147128
6.146981
6.146456
6.146405
6.146390
6.145430
6.145167
6.144714
6.144431
6.143804
6.143541
6.143412
6.142640
6.142219
6.140273
6.139528
6.139408
6.139304
6.139165
6.138492
6.137910
6.137753
6.136468
6.135599
6.135520
6.135385
6.135221
6.135192
6.134653
6.134281
6.133940
6.133919
6.133119
6.131591
6.131060
6.130397
6.130350
6.130167
6.129956
6.129451
6.129328
6.128845
6.127797
6.127410
6.127090
6.127050
6.126221
6.126140
6.125467
6.125136
6.124763
6.124736
6.124712
6.124502
6.122690
6.121420
6.121131
6.119792
6.119421
6.118168
6.117752
6.117209
6.116853
6.116777
6.116663
6.116410
6.115999
6.115121
6.115083
6.113894
6.113627
6.109146
6.108765
6.108675
6.108541
6.108048
6.107733
6.107674
6.107347
6.105886
6.105446
6.105419
6.104545
6.103214
6.102727
6.101577
6.101305
6.100750
6.099715
6.099602
6.099188
6.098991
6.097770
6.097506
6.097437
6.097211
6.097183
6.097090
6.096256
6.095647
6.094460
6.093712
6.093444
6.093073
6.092596
6.092071
6.091865
6.091087
6.090340
6.090122
6.087474
6.086921
6.085667
6.085033
6.084050
6.083134
6.083045
6.082181
6.080748
6.079679
6.079274
6.078994
6.078580
6.078396
6.078205
6.078076
6.077875
6.076574
6.075949
6.075607
6.075456
6.074968
6.072953
6.072788
6.072717
6.072526
6.072144
6.072043
6.071601
6.071428
6.070962
6.069984
6.069838
6.069588
6.068956
6.068883
6.068707
6.068652
6.068587
6.068585
6.068361
6.068293
6.067817
6.067728
6.067568
6.066761
6.066503
6.066470
6.066400
6.066198
6.065531
6.064325
6.063893
6.063698
6.063564
6.063452
6.062059
6.061244
6.060772
6.060379
6.060285
6.059755
6.059747
6.059554
6.058862
6.057286
6.056653
6.056271
6.056181
6.056160
6.055840
6.055588
6.054322
6.052869
6.052860
6.052406
6.052306
6.052067
6.051838
6.051284
6.050780
6.050296
6.050206
6.049617
6.049612
6.046915
6.044875
6.044528
6.044475
6.044350
6.044012
6.043221
6.042958
6.042697
6.041903
6.038950
6.038201
6.037662
6.035798
6.035707
6.035299
6.034945
6.034813
6.034765
6.033688
6.032362
6.031403
6.030176
6.029597
6.029490
6.028986
6.028687
6.028288
6.027828
6.027719
6.027680
6.027348
6.027207
6.026913
6.026793
6.026445
6.026304
6.026052
6.025839
6.025325
6.025156
6.024969
6.024792
6.024582
6.024580
6.024203
6.023980
6.023757
6.022906
6.022324
6.020890
6.020622
6.019883
6.019881
6.019794
6.019599
6.019593
6.019239
6.019046
6.018949
6.018844
6.018728
6.018495
6.017894
6.017484
6.016634
6.016254
6.016232
6.016155
6.015532
6.015319
6.015100
6.014041
6.013961
6.013790
6.013482
6.012874
6.012505
6.012251
6.012148
6.011457
6.011302
6.007667
6.007417
6.007358
6.006811
6.005232
6.004751
6.004706
6.003093
6.002617
6.002505
6.002221
6.002005
6.001734
6.000819
6.000485
6.000162
5.998774
5.998226
5.996790
5.996516
5.995602
5.995553
5.994394
5.994303
5.993973
5.993774
5.993082
5.992781
5.992508
5.991312
5.990855
5.990715
5.990382
5.989537
5.989469
5.989082
5.988178
5.987953
5.987840
5.987717
5.987563
5.986437
5.986110
5.985450
5.984913
5.984147
5.983328
5.983150
5.982556
5.980489
5.980143
5.978657
5.978391
5.978281
5.977431
5.976417
5.975039
5.974512
5.973973
5.973572
5.973368
5.972847
5.972701
5.972290
5.972259
5.971866
5.971790
5.970860
5.970855
5.970671
5.970617
5.970056
5.969086
5.969061
5.968821
5.968703
5.967801
5.967505
5.967491
5.966876
5.965931
5.965525
5.964751
5.964586
5.963164
5.963002
5.962436
5.961508
5.960201
5.959420
5.959276
5.958910
5.957766
5.957622
5.957558
5.957555
5.957166
5.955914
5.955722
5.955244
5.955148
5.954757
5.954441
5.954428
5.954361
5.953968
5.953577
5.953325
5.952112
5.950571
5.949218
5.949158
5.948372
5.948277
5.948261
5.947289
5.946474
5.945693
5.945535
5.944750
5.943783
5.943308
5.943306
5.942877
5.942707
5.942619
5.942522
5.941651
5.941462
5.940971
5.939844
5.939683
5.939556
5.939243
5.938735
5.938658
5.938382
5.938253
5.937933
5.937920
5.937762
5.937537
5.937276
5.937233
5.935333
5.934911
5.934589
5.934585
5.933639
5.933540
5.933381
5.933084
5.933053
5.932246
5.932152
5.930957
5.930353
5.929503
5.929232
5.927193
5.927044
5.926978
5.926928
5.926840
5.926025
5.925265
5.924977
5.924784
5.924451
5.924085
5.923650
5.923108
5.922647
5.922359
5.922327
5.922068
5.922009
5.921454
5.921350
5.920960
5.920870
5.920462
5.919044
5.918669
5.918572
5.918446
5.917932
5.917707
5.916743
5.916620
5.916512
5.916145
5.915709
5.914092
5.913617
5.913329
5.912563
5.912232
5.910571
5.910061
5.909714
5.908913
5.906853
5.906407
5.905993
5.905879
5.905340
5.904586
5.904500
5.903926
5.903877
5.903078
5.902729
5.902467
5.901864
5.900918
5.899877
5.899872
5.899585
5.898469
5.898037
5.897459
5.896599
5.896587
5.896385
5.894306
5.894262
5.891697
5.891605
5.891452
5.891429
5.891180
5.890791
5.890504
5.890394
5.890350
5.890127
5.890016
5.889148
5.889024
5.888954
5.888578
5.888013
5.886653
5.886270
5.886247
5.886152
5.885640
5.885318
5.884924
5.884253
5.884157
5.883996
5.883751
5.883541
5.882606
5.882101
5.881447
5.881382
5.880860
5.879345
5.877340
5.876818
5.876601
5.875528
5.875410
5.874981
5.874935
5.874648
5.874350
5.874329
5.873904
5.873761
5.873490
5.873299
5.872310
5.871867
5.871446
5.870789
5.870062
5.869050
5.868778
5.868537
5.868083
5.867433
5.867085
5.866952
5.866559
5.866530
5.865619
5.865615
5.865368
5.864683
5.864429
5.864410
5.864357
5.863891
5.863743
5.862751
5.862095
5.861808
5.861077
5.860901
5.860802
5.859966
5.859826
5.859724
5.858317
5.856707
5.856105
5.855924
5.855252
5.854201
5.854002
5.853980
5.851982
5.851937
5.851403
5.851390
5.850445
5.849850
5.848985
5.848500
5.848408
5.848184
5.847639
5.847626
5.846893
5.846500
5.846134
5.845775
5.845654
5.843834
5.843808
5.843309
5.843192
5.842320
5.842043
5.841403
5.841281
5.840477
5.838907
5.838614
5.838266
5.838117
5.838047
5.838036
5.837882
5.837257
5.836329
5.835998
5.835626
5.835231
5.834594
5.834060
5.832128
5.831308
5.830981
5.830326
5.829542
5.829053
5.827929
5.827502
5.827137
5.826785
5.825858
5.825687
5.824322
5.822439
5.821161
5.820709
5.820430
5.819778
5.817682
5.817625
5.816422
5.816107
5.815211
5.814524
5.814388
5.814081
5.813794
5.813164
5.812560
5.812478
5.811637
5.810890
5.810746
5.810743
5.810735
5.810451
5.810244
5.810227
5.808686
5.808125
5.807105
5.806315
5.806170
5.805827
5.805222
5.805130
5.804636
5.804441
5.803967
5.803834
5.803718
5.803708
5.802554
5.802117
5.802073
5.802002
5.801926
5.801716
5.800213
5.799234
5.799212
5.798833
5.798744
5.797781
5.797638
5.797547
5.797172
5.797105
5.796285
5.795653
5.795466
5.795465
5.795004
5.794684
5.794478
5.794302
5.793824
5.793655
5.793157
5.792498
5.792253
5.792205
5.791465
5.790977
5.790875
5.790760
5.790372
5.789742
5.789602
5.788734
5.788660
5.787970
5.786995
5.786604
5.785697
5.784953
5.784576
5.784329
5.784284
5.784159
5.784014
5.783691
5.783085
5.782533
5.782374
5.782068
5.781977
5.781963
5.781594
5.780396
5.780267
5.780242
5.779363
5.778348
5.778031
5.777847
5.777688
5.776630
5.776302
5.776201
5.776052
5.775416
5.775394
5.775308
5.774756
5.774638
5.774614
5.774572
5.773411
5.773403
5.772522
5.772445
5.771778
5.771465
5.770497
5.770131
5.769727
5.769547
5.769312
5.769042
5.768881
5.768476
5.768321
5.766591
5.765818
5.764472
5.764112
5.763622
5.763509
5.762567
5.761947
5.761497
5.761314
5.760949
5.760584
5.760230
5.760033
5.759079
5.758646
5.757771
5.756860
5.756542
5.755646
5.754521
5.754232
5.754173
5.754108
5.753852
5.753554
5.753143
5.752859
5.752733
5.752647
5.752615
5.752402
5.751777
5.750508
5.749821
5.749791
5.749606
5.749584
5.749372
5.749074
5.747690
5.747047
5.746334
5.746202
5.746146
5.745844
5.745828
5.745788
5.745564
5.745123
5.745108
5.745084
5.745010
5.744957
5.744733
5.744428
5.743809
5.743434
5.743048
5.742879
5.742608
5.742211
5.742188
5.742050
5.740708
5.740556
5.739802
5.739302
5.739129
5.738692
5.738356
5.737999
5.737679
5.736030
5.735595
5.734909
5.734242
5.733008
5.732980
5.732566
5.732290
5.731798
5.730902
5.730121
5.729518
5.728721
5.728676
5.728505
5.728422
5.728024
5.727888
5.727186
5.726419
5.723961
5.723925
5.722580
5.722174
5.720627
5.720435
5.720352
5.719967
5.719721
5.719138
5.718213
5.717608
5.717328
5.717232
5.716913
5.716516
5.716447
5.716104
5.715779
5.713930
5.713142
5.712354
5.712323
5.712087
5.711907
5.711505
5.711384
5.710938
5.710248
5.710219
5.708746
5.708075
5.707438
5.706895
5.706473
5.706155
5.705920
5.705786
5.705710
5.704431
5.704216
5.704090
5.703561
5.703406
5.702570
5.702386
5.701461
5.701405
5.701136
5.699337
5.698089
5.697055
5.696563
5.696447
5.695386
5.694767
5.694681
5.693040
5.692070
5.690931
5.690585
5.689569
5.688612
5.688559
5.688017
5.687048
5.684841
5.684264
5.684001
5.683980
5.683858
5.683756
5.683461
5.682703
5.682507
5.682272
5.681055
5.681050
5.679934
5.679362
5.678905
5.678642
5.678483
5.677461
5.677104
5.676779
5.674486
5.674150
5.674119
5.673309
5.672949
5.672428
5.671871
5.671179
5.670487
5.669787
5.669095
5.667593
5.667036
5.666642
5.666303
5.665155
5.664470
5.664425
5.664082
5.663219
5.663109
5.662763
5.662756
5.662003
5.662002
5.661898
5.661208
5.661178
5.660962
5.660707
5.660270
5.659831
5.658799
5.658450
5.657537
5.657198
5.657125
5.655427
5.655207
5.655031
5.654821
5.654820
5.652620
5.651404
5.651057
5.650826
5.650313
5.649373
5.649354
5.648457
5.647959
5.647542
5.647454
5.645731
5.644155
5.642863
5.642796
5.642620
5.642091
5.640889
5.640665
5.640062
5.638744
5.637243
5.636086
5.635969
5.634372
5.633670
5.632680
5.631702
5.631406
5.631216
5.630781
5.630613
5.629850
5.629400
5.629289
5.629144
5.628455
5.627748
5.627398
5.626838
5.626780
5.626641
5.626641
5.626339
5.624438
5.623369
5.623026
5.622880
5.621993
5.621495
5.621148
5.620751
5.620051
5.619410
5.618899
5.618324
5.618034
5.617551
5.616012
5.615713
5.615046
5.614779
5.614576
5.614434
5.612944
5.612576
5.611877
5.610318
5.609922
5.609543
5.608602
5.608336
5.607259
5.605274
5.605252
5.605032
5.603776
5.602932
5.601273
5.600790
5.600563
5.600126
5.600003
5.599332
5.598941
5.598652
5.598475
5.598354
5.598277
5.597791
5.596819
5.596599
5.596068
5.596056
5.595853
5.595235
5.595129
5.595021
5.594838
5.593252
5.593178
5.593176
5.593047
5.592109
5.591986
5.591794
5.591646
5.591307
5.590606
5.590492
5.590487
5.589829
5.589073
5.588210
5.587969
5.587480
5.587428
5.587202
5.586401
5.586397
5.586350
5.586340
5.585580
5.584743
5.584685
5.584535
5.584459
5.584136
5.584095
5.583510
5.581699
5.581541
5.580995
5.580962
5.580850
5.580777
5.579234
5.577711
5.577700
5.577556
5.577395
5.577044
5.576439
5.575955
5.575435
5.575144
5.574806
5.573324
5.573273
5.573063
5.572578
5.572086
5.571922
5.571631
5.570805
5.570287
5.570251
5.569673
5.569302
5.569106
5.568950
5.568869
5.568751
5.568542
5.568272
5.568033
5.567877
5.567723
5.567340
5.567168
5.566974
5.566626
5.566431
5.566154
5.565344
5.565110
5.565106
5.564343
5.564227
5.564118
5.563632
5.563290
5.562402
5.561845
5.561818
5.561589
5.561505
5.561219
5.561061
5.560618
5.560231
5.559475
5.559472
5.559061
5.557943
5.556878
5.556623
5.556569
5.556467
5.556266
5.555882
5.555702
5.555068
5.554986
5.554745
5.554420
5.554314
5.552717
5.552496
5.552063
5.551000
5.550866
5.550279
5.549918
5.549463
5.549028
5.548244
5.547760
5.546353
5.546322
5.546225
5.545997
5.545628
5.545251
5.544246
5.543565
5.543498
5.542990
5.542776
5.542675
5.542545
5.541351
5.541232
5.541128
5.540747
5.540720
5.540454
5.539773
5.538550
5.538431
5.537612
5.537496
5.536969
5.536844
5.536242
5.535368
5.534978
5.534802
5.534737
5.533938
5.533410
5.533364
5.533267
5.533062
5.532388
5.531003
5.530848
5.530434
5.530412
5.530099
5.530038
5.529945
5.529395
5.528683
5.528438
5.527430
5.526902
5.526254
5.525650
5.525377
5.525183
5.524875
5.524345
5.524073
5.523664
5.520384
5.520294
5.519965
5.519424
5.519139
5.519121
5.518200
5.517872
5.517277
5.517154
5.515494
5.515125
5.514593
5.514586
5.514567
5.512902
5.512328
5.511709
5.511200
5.511163
5.511154
5.510721
5.510188
5.509866
5.509811
5.509387
5.509289
5.509158
5.507352
5.506951
5.506697
5.506620
5.506425
5.505000
5.504913
5.504607
5.504480
5.503900
5.503299
5.503269
5.503126
5.503110
5.503048
5.502819
5.501746
5.501736
5.498925
5.498710
5.498197
5.497717
5.496399
5.495870
5.495770
5.495328
5.495053
5.494758
5.493422
5.493262
5.492327
5.491944
5.491261
5.490627
5.490038
5.489437
5.488148
5.487362
5.486848
5.486768
5.485572
5.483905
5.483804
5.483063
5.482763
5.482711
5.482386
5.481964
5.481826
5.480732
5.480352
5.479602
5.479169
5.478601
5.478010
5.477566
5.477396
5.476318
5.476164
5.475843
5.475774
5.475246
5.474830
5.474718
5.473315
5.473248
5.473154
5.472885
5.472718
5.472488
5.472302
5.470799
5.469956
5.469856
5.469774
5.469251
5.467872
5.467865
5.467174
5.466854
5.466799
5.466530
5.466198
5.466050
5.465484
5.465205
5.464908
5.464623
5.464245
5.463810
5.463596
5.462223
5.461451
5.460365
5.460238
5.460186
5.460013
5.459571
5.459559
5.459491
5.458506
5.458336
5.457167
5.456693
5.456231
5.455834
5.455812
5.454354
5.454340
5.454163
5.452886
5.452374
5.451284
5.450616
5.450455
5.450135
5.450022
5.449976
5.449877
5.449667
5.448690
5.448570
5.447871
5.447725
5.447588
5.446968
5.446527
5.446479
5.446434
5.445141
5.444920
5.443776
5.443513
5.443389
5.442665
5.442579
5.442364
5.442311
5.441498
5.441055
5.440949
5.440726
5.440691
5.440325
5.440082
5.440032
5.440012
5.439858
5.439365
5.439319
5.439119
5.437514
5.437025
5.436354
5.435635
5.434523
5.434449
5.434436
5.434045
5.433805
5.433477
5.432558
5.432366
5.431921
5.430424
5.429732
5.429494
5.427680
5.427670
5.426965
5.426950
5.424185
5.423746
5.423534
5.423406
5.421303
5.421259
5.420678
5.420569
5.419900
5.419655
5.419573
5.419180
5.419125
5.419119
5.419092
5.417399
5.416723
5.416554
5.416321
5.415730
5.415590
5.414748
5.414286
5.413789
5.413461
5.413041
5.413016
5.412331
5.412047
5.411902
5.411811
5.411748
5.411738
5.411686
5.411343
5.411219
5.411149
5.410044
5.409396
5.409307
5.409048
5.408869
5.408734
5.408106
5.407679
5.407155
5.406862
5.405731
5.405312
5.405156
5.404644
5.404182
5.404175
5.403790
5.403356
5.403190
5.401937
5.401835
5.401767
5.401210
5.401183
5.400767
5.400020
5.399527
5.399514
5.398435
5.398123
5.397745
5.397087
5.396730
5.396482
5.395687
5.395230
5.394695
5.394507
5.393762
5.392880
5.392508
5.392351
5.392218
5.391939
5.391811
5.391706
5.391620
5.388165
5.387890
5.387609
5.387478
5.387177
5.386754
5.386360
5.384435
5.384106
5.383451
5.383207
5.382895
5.382791
5.382788
5.382661
5.382144
5.381729
5.381512
5.381306
5.380611
5.380455
5.380077
5.379176
5.379064
5.378590
5.378301
5.377982
5.377676
5.377600
5.377542
5.376917
5.376311
5.375360
5.374846
5.374279
5.373084
5.373038
5.372984
5.372869
5.371991
5.371925
5.371289
5.370949
5.369518
5.368983
5.368740
5.367676
5.366965
5.366328
5.365988
5.364604
5.364241
5.364091
5.363433
5.362874
5.362382
5.362216
5.361943
5.361901
5.361599
5.361526
5.361357
5.361008
5.360778
5.360476
5.358802
5.358786
5.358512
5.358295
5.357497
5.357204
5.357091
5.356487
5.355656
5.354952
5.354055
5.353121
5.352139
5.351867
5.351703
5.350813
5.350061
5.349574
5.349547
5.348811
5.348758
5.348599
5.347781
5.347446
5.346754
5.346718
5.345728
5.344965
5.344846
5.344017
5.343587
5.343514
5.343356
5.343338
5.342016
5.341335
5.341335
5.338535
5.337849
5.337543
5.336997
5.336393
5.335442
5.335174
5.334868
5.334378
5.334017
5.333725
5.333035
5.332390
5.332251
5.331329
5.331084
5.331026
5.330897
5.330211
5.329855
5.329700
5.329255
5.328414
5.326618
5.326392
5.325708
5.323069
5.322934
5.322856
5.322714
5.322569
5.322007
5.321624
5.321555
5.321241
5.320893
5.320854
5.319984
5.319818
5.319573
5.319200
5.319017
5.317926
5.317919
5.317198
5.316521
5.316033
5.315888
5.315861
5.315597
5.315184
5.315049
5.314917
5.314103
5.313749
5.313493
5.312057
5.311592
5.311019
5.310697
5.309979
5.309950
5.307654
5.307598
5.306386
5.306308
5.306016
5.305984
5.305555
5.305319
5.305076
5.304616
5.304420
5.303318
5.303316
5.300652
5.300644
5.300543
5.300384
5.299973
5.299492
5.298023
5.297571
5.297528
5.295177
5.294567
5.294340
5.294092
5.294034
5.293553
5.293355
5.292690
5.292027
5.291906
5.291154
5.290630
5.289536
5.289483
5.288710
5.288120
5.286129
5.285502
5.285366
5.285176
5.284722
5.284024
5.283456
5.283319
5.281986
5.281384
5.279506
5.279450
5.279165
5.278848
5.277705
5.277650
5.276295
5.275891
5.275420
5.275055
5.274974
5.273381
5.273351
5.272727
5.272697
5.272631
5.272539
5.272533
5.272327
5.272092
5.271367
5.271264
5.270148
5.269186
5.267755
5.267577
5.267408
5.267235
5.267044
5.266631
5.265728
5.265465
5.262905
5.262671
5.261991
5.261683
5.261407
5.260949
5.260498
5.260132
5.259886
5.259758
5.258097
5.257255
5.256755
5.256586
5.256444
5.255854
5.255813
5.255328
5.254478
5.254123
5.253767
5.253747
5.252299
5.252008
5.251720
5.251524
5.251346
5.251040
5.250201
5.249584
5.249288
5.249146
5.248612
5.248252
5.246873
5.246119
5.244768
5.244656
5.244412
5.243825
5.243667
5.242970
5.242284
5.241633
5.241564
5.241387
5.240412
5.239943
5.239505
5.238913
5.238194
5.238172
5.238070
5.237809
5.237320
5.236938
5.235467
5.234416
5.233226
5.231948
5.230699
5.230012
5.229798
5.229504
5.229133
5.228111
5.226719
5.226418
5.226416
5.225204
5.224480
5.224276
5.222851
5.222213
5.221995
5.221429
5.221172
5.221146
5.220311
5.219766
5.219557
5.218496
5.218146
5.218100
5.217845
5.217550
5.216372
5.215908
5.215887
5.215862
5.215832
5.215517
5.215371
5.214571
5.214248
5.214102
5.214007
5.212636
5.212530
5.212233
5.212215
5.212029
5.209407
5.209248
5.208361
5.207858
5.207785
5.207685
5.205626
5.205563
5.204785
5.204020
5.203897
5.202744
5.202434
5.202005
5.201823
5.201568
5.201115
5.200721
5.200663
5.200534
5.199996
5.199785
5.198612
5.198426
5.198408
5.197983
5.197916
5.197251
5.196350
5.195909
5.195517
5.195190
5.195020
5.194948
5.194879
5.193764
5.193517
5.193389
5.192940
5.192715
5.191543
5.191354
5.189433
5.189381
5.188324
5.187442
5.187188
5.187182
5.186767
5.186286
5.185961
5.185860
5.185656
5.185451
5.185323
5.185158
5.184558
5.183921
5.183721
5.183603
5.183580
5.182881
5.182579
5.182211
5.182182
5.182109
5.181248
5.179694
5.179068
5.177679
5.176873
5.176843
5.176475
5.176116
5.175960
5.174940
5.174574
5.174554
5.174076
5.173989
5.173932
5.173069
5.172363
5.171461
5.171323
5.170651
5.169773
5.169145
5.167935
5.167310
5.166667
5.166633
5.166426
5.166309
5.165648
5.164642
5.163475
5.162987
5.162757
5.162572
5.162423
5.161962
5.161052
5.160673
5.160053
5.159945
5.158552
5.158414
5.157953
5.157757
5.156899
5.156685
5.155970
5.155446
5.154264
5.152860
5.152807
5.152607
5.152354
5.151697
5.151443
5.149426
5.149014
5.148863
5.148526
5.148438
5.148354
5.147073
5.146800
5.146213
5.145825
5.144958
5.144549
5.143309
5.143105
5.140831
5.139390
5.138513
5.138074
5.137845
5.137484
5.136699
5.136498
5.136172
5.135540
5.135088
5.135047
5.134492
5.134122
5.134017
5.133185
5.133051
5.132765
5.132714
5.131648
5.131450
5.131404
5.131087
5.130120
5.129337
5.129335
5.128228
5.128032
5.126955
5.126471
5.126177
5.125182
5.124137
5.123235
5.123181
5.123050
5.122931
5.122780
5.122403
5.122241
5.120833
5.120187
5.120140
5.119266
5.119137
5.118541
5.118286
5.117745
5.117512
5.116749
5.116411
5.116274
5.115786
5.115135
5.114906
5.114731
5.114222
5.113345
5.113130
5.112691
5.112040
5.111854
5.111472
5.111275
5.111026
5.109468
5.109107
5.108926
5.107956
5.107575
5.104899
5.103725
5.103589
5.101939
5.101761
5.101197
5.101077
5.100729
5.100312
5.099840
5.099549
5.098250
5.098069
5.098029
5.097885
5.097678
5.097654
5.097514
5.096864
5.096469
5.095525
5.095004
5.093975
5.093779
5.093384
5.093293
5.093106
5.091783
5.091694
5.091318
5.090046
5.089888
5.089679
5.089430
5.089118
5.088809
5.088710
5.088406
5.088272
5.088063
5.087347
5.086344
5.085493
5.085441
5.084943
5.084479
5.084279
5.084186
5.084053
5.083020
5.082269
5.082019
5.081959
5.081940
5.077975
5.077729
5.076509
5.076466
5.075716
5.074768
5.074234
5.074229
5.073962
5.073929
5.073689
5.073340
5.072159
5.071505
5.071004
5.070764
5.070388
5.070050
5.069266
5.069215
5.069164
5.068432
5.068058
5.066171
5.065684
5.065559
5.065361
5.065263
5.064754
5.064443
5.064229
5.063190
5.062442
5.061842
5.061785
5.061535
5.061224
5.061057
5.060711
5.060535
5.060053
5.059618
5.059565
5.058702
5.058521
5.057035
5.056631
5.055997
5.055587
5.055385
5.054555
5.054384
5.053552
5.052604
5.052510
5.052464
5.052445
5.051733
5.051310
5.051281
5.051042
5.051000
5.050404
5.049638
5.049528
5.045903
5.045280
5.044094
5.044067
5.042727
5.042433
5.041227
5.041054
5.040967
5.040780
5.040593
5.040369
5.039397
5.039042
5.038128
5.038114
5.036810
5.035932
5.035859
5.034556
5.033987
5.033417
5.033081
5.032990
5.032772
5.032704
5.032403
5.032343
5.030962
5.030805
5.030295
5.030062
5.029964
5.029550
5.028997
5.028899
5.028833
5.028095
5.027978
5.027929
5.026979
5.026557
5.026207
5.026095
5.024675
5.024221
5.023820
5.023650
5.022986
5.021862
5.021245
5.021244
5.021157
5.020459
5.020168
5.019360
5.019226
5.018118
5.017613
5.017537
5.015342
5.014794
5.014694
5.014672
5.013160
5.012827
5.011131
5.009551
5.009534
5.009444
5.009257
5.009077
5.008921
5.008098
5.005005
5.004436
5.003455
5.003440
5.002442
5.002396
5.002213
5.001946
